date,all posts,questions,answers
2018-02-08,21397,10148,11249
2018-02-09,19054,9177,9877
2018-02-10,11066,5407,5659
2018-02-11,10868,5476,5392
2018-02-12,19716,9656,10060
2018-02-13,20071,9781,10290
2018-02-14,20522,9894,10628
2018-02-15,20011,9701,10310
2018-02-16,18317,8633,9684
2018-02-17,10557,5191,5366
2018-02-18,10823,5412,5411
2018-02-19,17996,8899,9097
2018-02-20,20177,9888,10289
2018-02-21,21313,10398,10915
2018-02-22,21631,10356,11275
2018-02-23,18705,9115,9590
2018-02-24,10988,5449,5539
2018-02-25,10875,5427,5448
2018-02-26,19239,9582,9657
2018-02-27,20849,10123,10726
2018-02-28,20685,10127,10558
2018-03-01,20072,9857,10215
2018-03-02,18455,8979,9476
2018-03-03,11349,5609,5740
2018-03-04,11234,5657,5577
2018-03-05,19584,9682,9902
2018-03-06,20584,10264,10320
2018-03-07,21233,10544,10689
2018-03-08,21238,10380,10858
2018-03-09,19380,9435,9945
2018-03-10,11345,5657,5688
2018-03-11,11135,5561,5574
2018-03-12,19803,9746,10057
2018-03-13,21507,10543,10964
2018-03-14,21675,10620,11055
2018-03-15,21673,10554,11119
2018-03-16,19836,9506,10330
2018-03-17,11099,5567,5532
2018-03-18,10896,5531,5365
2018-03-19,20221,9893,10328
2018-03-20,21713,10597,11116
2018-03-21,22378,10750,11628
2018-03-22,21907,10629,11278
2018-03-23,19417,9301,10116
2018-03-24,11386,5578,5808
2018-03-25,11032,5487,5545
2018-03-26,20150,9885,10265
2018-03-27,21686,10469,11217
2018-03-28,21870,10531,11339
2018-03-29,20698,9840,10858
2018-03-30,16162,7762,8400
2018-03-31,10673,5279,5394
2018-04-01,10181,5004,5177
2018-04-02,16577,8148,8429
2018-04-03,20339,9837,10502
2018-04-04,21406,10292,11114
2018-04-05,21110,10057,11053
2018-04-06,19137,9164,9973
2018-04-07,10668,5217,5451
2018-04-08,10825,5531,5294
2018-04-09,19304,9546,9758
2018-04-10,21116,10326,10790
2018-04-11,21545,10584,10961
2018-04-12,21381,10386,10995
2018-04-13,19121,9251,9870
2018-04-14,10698,5282,5416
2018-04-15,10659,5424,5235
2018-04-16,19895,9899,9996
2018-04-17,21257,10465,10792
2018-04-18,21520,10315,11205
2018-04-19,21220,10409,10811
2018-04-20,19121,9265,9856
2018-04-21,10163,5079,5084
2018-04-22,10575,5497,5078
2018-04-23,19678,9660,10018
2018-04-24,20672,10050,10622
2018-04-25,20648,10037,10611
2018-04-26,20507,10020,10487
2018-04-27,18121,8673,9448
2018-04-28,10534,5280,5254
2018-04-29,10309,5178,5131
2018-04-30,17296,8463,8833
2018-05-01,15608,7644,7964
2018-05-02,19719,9692,10027
2018-05-03,20171,9838,10333
2018-05-04,19096,9019,10077
2018-05-05,10613,5189,5424
2018-05-06,10499,5260,5239
2018-05-07,18380,9114,9266
2018-05-08,19739,9695,10044
2018-05-09,19885,9842,10043
2018-05-10,19430,9402,10028
2018-05-11,18547,8982,9565
2018-05-12,9959,4921,5038
2018-05-13,10033,5088,4945
2018-05-14,18874,9315,9559
2018-05-15,20096,9974,10122
2018-05-16,20822,10136,10686
2018-05-17,20451,9955,10496
2018-05-18,18542,8949,9593
2018-05-19,9961,4932,5029
2018-05-20,9905,4996,4909
2018-05-21,17538,8641,8897
2018-05-22,20015,9740,10275
2018-05-23,21013,10193,10820
2018-05-24,20662,10056,10606
2018-05-25,18357,8785,9572
2018-05-26,9797,4850,4947
2018-05-27,9615,4881,4734
2018-05-28,17046,8420,8626
2018-05-29,19908,9666,10242
2018-05-30,20264,9768,10496
2018-05-31,19463,9471,9992
2018-06-01,17892,8637,9255
2018-06-02,9862,4915,4947
2018-06-03,9843,5008,4835
2018-06-04,18225,9221,9004
2018-06-05,20205,9976,10229
2018-06-06,20708,10170,10538
2018-06-07,20387,10068,10319
2018-06-08,18080,8963,9117
2018-06-09,9765,4853,4912
2018-06-10,9556,4831,4725
2018-06-11,18464,9275,9189
2018-06-12,19826,9785,10041
2018-06-13,20415,9878,10537
2018-06-14,19604,9639,9965
2018-06-15,16457,7805,8652
2018-06-16,8676,4282,4394
2018-06-17,8714,4347,4367
2018-06-18,17535,8846,8689
2018-06-19,19487,9517,9970
2018-06-20,20167,9975,10192
2018-06-21,20296,9925,10371
2018-06-22,17873,8624,9249
2018-06-23,9120,4446,4674
2018-06-24,8934,4512,4422
2018-06-25,18327,9119,9208
2018-06-26,19593,9674,9919
2018-06-27,20119,9750,10369
2018-06-28,19642,9611,10031
2018-06-29,18060,8617,9443
2018-06-30,8754,4314,4440
2018-07-01,8416,4220,4196
2018-07-02,17197,8576,8621
2018-07-03,19119,9359,9760
2018-07-04,17675,8559,9116
2018-07-05,19470,9464,10006
2018-07-06,17499,8433,9066
2018-07-07,8932,4333,4599
2018-07-08,9015,4448,4567
2018-07-09,18649,9123,9526
2018-07-10,19890,9592,10298
2018-07-11,20195,9837,10358
2018-07-12,20321,9847,10474
2018-07-13,18113,8668,9445
2018-07-14,9187,4542,4645
2018-07-15,8823,4374,4449
2018-07-16,18339,9128,9211
2018-07-17,20223,9908,10315
2018-07-18,20771,10028,10743
2018-07-19,20773,10024,10749
2018-07-20,18368,8744,9624
2018-07-21,9298,4533,4765
2018-07-22,9187,4554,4633
2018-07-23,18486,9090,9396
2018-07-24,20407,9887,10520
2018-07-25,20114,9773,10341
2018-07-26,19769,9642,10127
2018-07-27,17851,8486,9365
2018-07-28,9272,4490,4782
2018-07-29,9334,4609,4725
2018-07-30,18223,8872,9351
2018-07-31,19847,9600,10247
2018-08-01,20165,9890,10275
2018-08-02,19820,9441,10379
2018-08-03,17686,8469,9217
2018-08-04,9102,4361,4741
2018-08-05,8696,4274,4422
2018-08-06,17902,8847,9055
2018-08-07,19815,9651,10164
2018-08-08,20210,9664,10546
2018-08-09,20030,9552,10478
2018-08-10,18061,8430,9631
2018-08-11,9364,4557,4807
2018-08-12,9118,4502,4616
2018-08-13,18215,8773,9442
2018-08-14,19170,9114,10056
2018-08-15,16704,7945,8759
2018-08-16,18831,9017,9814
2018-08-17,17339,8093,9246
2018-08-18,9280,4464,4816
2018-08-19,9319,4462,4857
2018-08-20,17156,8331,8825
2018-08-21,18257,8823,9434
2018-08-22,18453,8743,9710
2018-08-23,19093,9020,10073
2018-08-24,17185,8084,9101
2018-08-25,9180,4413,4767
2018-08-26,8934,4394,4540
2018-08-27,17245,8307,8938
2018-08-28,19293,9117,10176
2018-08-29,19857,9407,10450
2018-08-30,19263,9159,10104
2018-08-31,16981,7907,9074
2018-09-01,9178,4397,4781
2018-09-02,8824,4255,4569
2018-09-03,15376,7653,7723
2018-09-04,18110,8705,9405
2018-09-05,19408,9264,10144
2018-09-06,18768,8949,9819
2018-09-07,17295,8214,9081
2018-09-08,9418,4497,4921
2018-09-09,9280,4558,4722
2018-09-10,17357,8397,8960
2018-09-11,18673,8863,9810
2018-09-12,19262,9087,10175
2018-09-13,18322,8756,9566
2018-09-14,17203,8147,9056
2018-09-15,9341,4523,4818
2018-09-16,9517,4747,4770
2018-09-17,17752,8537,9215
2018-09-18,18962,9039,9923
2018-09-19,19570,9312,10258
2018-09-20,19114,9135,9979
2018-09-21,17465,8296,9169
2018-09-22,9539,4596,4943
2018-09-23,9444,4659,4785
2018-09-24,17491,8408,9083
2018-09-25,19296,9216,10080
2018-09-26,19432,9281,10151
2018-09-27,18974,9219,9755
2018-09-28,17315,8132,9183
2018-09-29,9628,4632,4996
2018-09-30,9623,4764,4859
2018-10-01,17233,8264,8969
2018-10-02,17552,8373,9179
2018-10-03,19189,9152,10037
2018-10-04,19416,9308,10108
2018-10-05,17939,8601,9338
2018-10-06,9766,4782,4984
2018-10-07,9561,4720,4841
2018-10-08,17630,8684,8946
2018-10-09,19238,9293,9945
2018-10-10,19475,9317,10158
2018-10-11,20080,9692,10388
2018-10-12,17927,8632,9295
2018-10-13,10003,4790,5213
2018-10-14,9761,4899,4862
2018-10-15,18072,8928,9144
2018-10-16,19265,9439,9826
2018-10-17,19622,9430,10192
2018-10-18,18946,9101,9845
2018-10-19,17094,8094,9000
2018-10-20,9794,4859,4935
2018-10-21,9902,4893,5009
2018-10-22,18278,8884,9394
2018-10-23,20054,9735,10319
2018-10-24,20164,9611,10553
2018-10-25,20139,9658,10481
2018-10-26,17939,8651,9288
2018-10-27,9666,4792,4874
2018-10-28,9857,4938,4919
2018-10-29,18363,8964,9399
2018-10-30,18914,9165,9749
2018-10-31,18984,9141,9843
2018-11-01,17493,8436,9057
2018-11-02,16122,7799,8323
2018-11-03,9428,4770,4658
2018-11-04,10088,5055,5033
2018-11-05,17279,8438,8841
2018-11-06,17846,8707,9139
2018-11-07,17798,8724,9074
2018-11-08,18212,8764,9448
2018-11-09,16846,8172,8674
2018-11-10,9811,4813,4998
2018-11-11,9843,4882,4961
2018-11-12,17381,8643,8738
2018-11-13,19349,9483,9866
2018-11-14,19328,9413,9915
2018-11-15,18957,9291,9666
2018-11-16,17348,8519,8829
2018-11-17,9800,4917,4883
2018-11-18,9971,5120,4851
2018-11-19,17646,8717,8929
2018-11-20,19041,9379,9662
2018-11-21,18696,9137,9559
2018-11-22,17119,8454,8665
2018-11-23,14783,7131,7652
2018-11-24,9440,4779,4661
2018-11-25,9734,4951,4783
2018-11-26,17631,8932,8699
2018-11-27,19194,9574,9620
2018-11-28,19829,9675,10154
2018-11-29,19392,9600,9792
2018-11-30,17165,8433,8732
2018-12-01,9609,4778,4831
2018-12-02,9675,4986,4689
2018-12-03,17927,8941,8986
2018-12-04,19404,9516,9888
2018-12-05,19428,9553,9875
2018-12-06,18792,9253,9539
2018-12-07,16769,8201,8568
2018-12-08,9961,4959,5002
2018-12-09,9706,4906,4800
2018-12-10,17579,8744,8835
2018-12-11,18658,9116,9542
2018-12-12,18992,9221,9771
2018-12-13,18562,8875,9687
2018-12-14,16577,7901,8676
2018-12-15,8929,4415,4514
2018-12-16,9250,4546,4704
2018-12-17,17063,8219,8844
2018-12-18,18148,8710,9438
2018-12-19,17940,8633,9307
2018-12-20,16810,7948,8862
2018-12-21,14413,6851,7562
2018-12-22,8160,3987,4173
2018-12-23,7888,3881,4007
2018-12-24,10359,4903,5456
2018-12-25,7941,3816,4125
2018-12-26,11971,5714,6257
2018-12-27,13800,6538,7262
2018-12-28,13354,6198,7156
2018-12-29,8714,4192,4522
2018-12-30,8134,3898,4236
2018-12-31,9776,4574,5202
2019-01-01,7672,3622,4050
2019-01-02,14837,7077,7760
2019-01-03,16701,7772,8929
2019-01-04,16212,7736,8476
2019-01-05,9756,4697,5059
2019-01-06,9604,4714,4890
2019-01-07,16309,7849,8460
2019-01-08,17907,8619,9288
2019-01-09,18721,9073,9648
2019-01-10,18436,8801,9635
2019-01-11,16911,8077,8834
2019-01-12,9412,4627,4785
2019-01-13,9342,4638,4704
2019-01-14,16594,8069,8525
2019-01-15,17587,8470,9117
2019-01-16,18610,8989,9621
2019-01-17,18824,8945,9879
2019-01-18,16859,8064,8795
2019-01-19,9515,4596,4919
2019-01-20,9682,4732,4950
2019-01-21,17330,8419,8911
2019-01-22,18726,9015,9711
2019-01-23,19280,9243,10037
2019-01-24,19675,9331,10344
2019-01-25,17181,8125,9056
2019-01-26,9572,4709,4863
2019-01-27,10105,4913,5192
2019-01-28,17950,8724,9226
2019-01-29,19409,9225,10184
2019-01-30,19959,9560,10399
2019-01-31,19577,9379,10198
2019-02-01,17623,8262,9361
2019-02-02,10048,4926,5122
2019-02-03,10075,4934,5141
2019-02-04,17245,8329,8916
2019-02-05,18787,8936,9851
2019-02-06,19547,9358,10189
2019-02-07,19749,9352,10397
2019-02-08,17635,8399,9236
2019-02-09,10218,4956,5262
2019-02-10,10313,5004,5309
2019-02-11,18520,8922,9598
2019-02-12,19603,9372,10231
2019-02-13,20723,9811,10912
2019-02-14,19604,9444,10160
2019-02-15,17598,8319,9279
2019-02-16,10306,5037,5269
2019-02-17,9990,4930,5060
2019-02-18,18210,8932,9278
2019-02-19,19647,9493,10154
2019-02-20,20356,9838,10518
2019-02-21,20906,10062,10844
2019-02-22,18721,8997,9724
2019-02-23,10633,5246,5387
2019-02-24,10332,5097,5235
2019-02-25,18730,9197,9533
2019-02-26,19482,9524,9958
2019-02-27,20305,9890,10415
2019-02-28,19705,9624,10081
2019-03-01,17796,8576,9220
2019-03-02,10370,5115,5255
2019-03-03,10753,5358,5395
2019-03-04,18380,9166,9214
2019-03-05,20050,9631,10419
2019-03-06,20537,9975,10562
2019-03-07,20676,10069,10607
2019-03-08,17847,8609,9238
2019-03-09,10556,5201,5355
2019-03-10,10433,5286,5147
2019-03-11,18486,9126,9360
2019-03-12,20282,9787,10495
2019-03-13,20470,9785,10685
2019-03-14,20796,9974,10822
2019-03-15,18350,8889,9461
2019-03-16,10544,5135,5409
2019-03-17,10481,5243,5238
2019-03-18,18626,9146,9480
2019-03-19,19867,9693,10174
2019-03-20,20159,9896,10263
2019-03-21,19049,9406,9643
2019-03-22,18289,8884,9405
2019-03-23,10254,5155,5099
2019-03-24,10205,5087,5118
2019-03-25,18296,9129,9167
2019-03-26,19811,9662,10149
2019-03-27,20341,9851,10490
2019-03-28,20342,9837,10505
2019-03-29,18212,8815,9397
2019-03-30,9845,4939,4906
2019-03-31,9836,4956,4880
2019-04-01,18546,8971,9575
2019-04-02,19995,9823,10172
2019-04-03,20797,10053,10744
2019-04-04,20524,10081,10443
2019-04-05,18128,8841,9287
2019-04-06,9839,5079,4760
2019-04-07,10193,5242,4951
2019-04-08,18620,9265,9355
2019-04-09,19520,9492,10028
2019-04-10,19942,9846,10096
2019-04-11,19827,9630,10197
2019-04-12,18075,8606,9469
2019-04-13,10084,5040,5044
2019-04-14,10212,5136,5076
2019-04-15,17631,8831,8800
2019-04-16,19335,9396,9939
2019-04-17,19342,9368,9974
2019-04-18,17579,8619,8960
2019-04-19,14000,6935,7065
2019-04-20,9675,4954,4721
2019-04-21,9022,4693,4329
2019-04-22,14747,7428,7319
2019-04-23,18341,8937,9404
2019-04-24,19132,9319,9813
2019-04-25,18999,9242,9757
2019-04-26,17045,8266,8779
2019-04-27,9755,4885,4870
2019-04-28,9668,4937,4731
2019-04-29,16650,8297,8353
2019-04-30,17850,8767,9083
2019-05-01,13989,6957,7032
2019-05-02,17528,8673,8855
2019-05-03,16667,8251,8416
2019-05-04,9452,4849,4603
2019-05-05,9590,4848,4742
2019-05-06,16373,8179,8194
2019-05-07,18050,9061,8989
2019-05-08,18579,9124,9455
2019-05-09,18540,9175,9365
2019-05-10,17085,8251,8834
2019-05-11,9036,4620,4416
2019-05-12,9241,4723,4518
2019-05-13,16853,8284,8569
2019-05-14,18813,9151,9662
2019-05-15,18973,9211,9762
2019-05-16,18873,9167,9706
2019-05-17,16893,8244,8649
2019-05-18,8877,4520,4357
2019-05-19,9196,4725,4471
2019-05-20,16550,8225,8325
2019-05-21,18160,8953,9207
2019-05-22,18703,9143,9560
2019-05-23,17824,8758,9066
2019-05-24,16382,7880,8502
2019-05-25,8985,4475,4510
2019-05-26,8612,4468,4144
2019-05-27,15304,7628,7676
2019-05-28,17846,8667,9179
2019-05-29,18541,9058,9483
2019-05-30,17042,8227,8815
2019-05-31,15789,7703,8086
2019-06-01,8396,4182,4214
2019-06-02,8565,4301,4264
2019-06-03,15993,7954,8039
2019-06-04,16849,8265,8584
2019-06-05,16716,8114,8602
2019-06-06,16971,8288,8683
2019-06-07,15901,7741,8160
2019-06-08,8610,4341,4269
2019-06-09,8203,4250,3953
2019-06-10,15614,7764,7850
2019-06-11,18187,8956,9231
2019-06-12,18699,9220,9479
2019-06-13,18122,9019,9103
2019-06-14,16377,7904,8473
2019-06-15,8766,4372,4394
2019-06-16,8392,4240,4152
2019-06-17,16692,8316,8376
2019-06-18,18270,9005,9265
2019-06-19,18875,9255,9620
2019-06-20,17900,8788,9112
2019-06-21,16313,7966,8347
2019-06-22,8422,4092,4330
2019-06-23,8496,4259,4237
2019-06-24,16705,8247,8458
2019-06-25,18200,8914,9286
2019-06-26,18849,9127,9722
2019-06-27,17244,8339,8905
2019-06-28,14553,6765,7788
2019-06-29,7436,3594,3842
2019-06-30,7242,3549,3693
2019-07-01,14919,7235,7684
2019-07-02,17546,8729,8817
2019-07-03,17846,8849,8997
2019-07-04,15975,7806,8169
2019-07-05,15060,7301,7759
2019-07-06,8202,4084,4118
2019-07-07,8517,4178,4339
2019-07-08,16821,8499,8322
2019-07-09,17981,8908,9073
2019-07-10,18198,9031,9167
2019-07-11,18629,9251,9378
2019-07-12,16456,8044,8412
2019-07-13,8464,4264,4200
2019-07-14,8368,4275,4093
2019-07-15,16461,8235,8226
2019-07-16,18384,9030,9354
2019-07-17,18535,9160,9375
2019-07-18,18531,9118,9413
2019-07-19,16751,8086,8665
2019-07-20,8692,4259,4433
2019-07-21,8408,4186,4222
2019-07-22,17235,8595,8640
2019-07-23,18468,8901,9567
2019-07-24,19033,9305,9728
2019-07-25,18840,9133,9707
2019-07-26,16616,7909,8707
2019-07-27,8796,4233,4563
2019-07-28,8891,4371,4520
2019-07-29,16808,8225,8583
2019-07-30,17805,8629,9176
2019-07-31,18738,9079,9659
2019-08-01,18126,8736,9390
2019-08-02,16142,7799,8343
2019-08-03,8319,4085,4234
2019-08-04,8101,4079,4022
2019-08-05,16320,8067,8253
2019-08-06,18014,8860,9154
2019-08-07,18199,8884,9315
2019-08-08,18414,8995,9419
2019-08-09,16292,7947,8345
2019-08-10,8129,4051,4078
2019-08-11,7991,4057,3934
2019-08-12,15117,7584,7533
2019-08-13,17041,8377,8664
2019-08-14,16751,8219,8532
2019-08-15,14110,6857,7253
2019-08-16,14764,7031,7733
2019-08-17,8426,4132,4294
2019-08-18,8454,4105,4349
2019-08-19,15984,7803,8181
2019-08-20,17627,8583,9044
2019-08-21,17648,8413,9235
2019-08-22,17785,8605,9180
2019-08-23,15829,7619,8210
2019-08-24,8148,4020,4128
2019-08-25,8248,4131,4117
2019-08-26,15605,7680,7925
2019-08-27,17296,8344,8952
2019-08-28,17873,8684,9189
2019-08-29,17577,8551,9026
2019-08-30,15286,7261,8025
2019-08-31,8084,4018,4066
2019-09-01,7914,3924,3990
2019-09-02,13329,6521,6808
2019-09-03,16295,7937,8358
2019-09-04,16939,8207,8732
2019-09-05,17312,8414,8898
2019-09-06,15438,7513,7925
2019-09-07,8566,4270,4296
2019-09-08,8325,4168,4157
2019-09-09,15876,7773,8103
2019-09-10,16998,8405,8593
2019-09-11,17623,8522,9101
2019-09-12,17685,8601,9084
2019-09-13,15636,7580,8056
2019-09-14,8681,4292,4389
2019-09-15,8887,4412,4475
2019-09-16,16650,8256,8394
2019-09-17,17622,8663,8959
2019-09-18,18710,9013,9697
2019-09-19,18063,8736,9327
2019-09-20,16075,7690,8385
2019-09-21,8773,4334,4439
2019-09-22,9204,4462,4742
2019-09-23,17200,8365,8835
2019-09-24,17977,8823,9154
2019-09-25,18409,9118,9291
2019-09-26,18199,8871,9328
2019-09-27,16231,7840,8391
2019-09-28,8786,4508,4278
2019-09-29,8937,4550,4387
2019-09-30,16448,8111,8337
2019-10-01,17113,8391,8722
2019-10-02,17064,8320,8744
2019-10-03,17501,8631,8870
2019-10-04,16030,7718,8312
2019-10-05,8914,4480,4434
2019-10-06,8931,4545,4386
2019-10-07,16358,8074,8284
2019-10-08,16849,8232,8617
2019-10-09,18292,8868,9424
2019-10-10,18831,9190,9641
2019-10-11,17151,8221,8930
2019-10-12,9871,4880,4991
2019-10-13,9104,4668,4436
2019-10-14,16745,8188,8557
2019-10-15,18552,9038,9514
2019-10-16,19085,9230,9855
2019-10-17,19068,9256,9812
2019-10-18,17207,8339,8868
2019-10-19,9575,4847,4728
2019-10-20,9287,4827,4460
2019-10-21,17197,8540,8657
2019-10-22,18211,8853,9358
2019-10-23,18657,9081,9576
2019-10-24,18156,8999,9157
2019-10-25,16401,7945,8456
2019-10-26,8642,4399,4243
2019-10-27,8780,4527,4253
2019-10-28,15428,7680,7748
2019-10-29,17126,8437,8689
2019-10-30,18211,8946,9265
2019-10-31,17356,8460,8896
2019-11-01,14507,7208,7299
2019-11-02,9211,4636,4575
2019-11-03,9383,4806,4577
2019-11-04,16972,8371,8601
2019-11-05,18496,9222,9274
2019-11-06,18896,9319,9577
2019-11-07,18447,9172,9275
2019-11-08,16563,8230,8333
2019-11-09,9493,4815,4678
2019-11-10,9410,4873,4537
2019-11-11,16147,8137,8010
2019-11-12,18239,9034,9205
2019-11-13,18952,9439,9513
2019-11-14,19932,9424,10508
2019-11-15,17831,8474,9357
2019-11-16,10129,5097,5032
2019-11-17,10043,5182,4861
2019-11-18,18282,9009,9273
2019-11-19,19958,9648,10310
2019-11-20,20533,9817,10716
2019-11-21,20309,9746,10563
2019-11-22,17731,8546,9185
2019-11-23,10144,5202,4942
2019-11-24,10157,5080,5077
2019-11-25,18206,8954,9252
2019-11-26,19274,9482,9792
2019-11-27,18889,9234,9655
2019-11-28,17270,8498,8772
2019-11-29,14783,7199,7584
2019-11-30,9264,4729,4535
2019-12-01,9731,4997,4734
2019-12-02,17249,8486,8763
2019-12-03,18720,9270,9450
2019-12-04,19138,9468,9670
2019-12-05,18657,9288,9369
2019-12-06,16818,8205,8613
2019-12-07,9536,4838,4698
2019-12-08,9679,5118,4561
2019-12-09,17322,8722,8600
2019-12-10,18678,9132,9546
2019-12-11,18783,9307,9476
2019-12-12,18520,9092,9428
2019-12-13,16761,7977,8784
2019-12-14,8997,4610,4387
2019-12-15,8946,4580,4366
2019-12-16,16689,8294,8395
2019-12-17,17915,8690,9225
2019-12-18,17809,8741,9068
2019-12-19,16721,8249,8472
2019-12-20,14139,6950,7189
2019-12-21,8199,4119,4080
2019-12-22,8229,4177,4052
2019-12-23,13490,6626,6864
2019-12-24,11784,5678,6106
2019-12-25,8422,4093,4329
2019-12-26,11928,5831,6097
2019-12-27,12482,5958,6524
2019-12-28,8795,4358,4437
2019-12-29,8470,4207,4263
2019-12-30,13757,6628,7129
2019-12-31,11059,5201,5858
2020-01-01,7845,3792,4053
2020-01-02,14473,6968,7505
2020-01-03,15141,7289,7852
2020-01-04,9167,4583,4584
2020-01-05,9373,4632,4741
2020-01-06,15234,7429,7805
2020-01-07,17222,8384,8838
2020-01-08,17697,8723,8974
2020-01-09,18319,9052,9267
2020-01-10,16625,8096,8529
2020-01-11,9328,4743,4585
2020-01-12,9397,4841,4556
2020-01-13,16663,8231,8432
2020-01-14,17595,8693,8902
2020-01-15,17743,8712,9031
2020-01-16,18265,8966,9299
2020-01-17,16759,8154,8605
2020-01-18,9675,4857,4818
2020-01-19,9548,4814,4734
2020-01-20,16925,8376,8549
2020-01-21,18416,9065,9351
2020-01-22,18989,9353,9636
2020-01-23,18806,9340,9466
2020-01-24,16388,7937,8451
2020-01-25,9304,4670,4634
2020-01-26,9415,4840,4575
2020-01-27,16713,8397,8316
2020-01-28,18239,9024,9215
2020-01-29,18460,9216,9244
2020-01-30,18912,9425,9487
2020-01-31,16525,8204,8321
2020-02-01,9374,4742,4632
2020-02-02,9527,4896,4631
2020-02-03,17041,8576,8465
2020-02-04,18423,9271,9152
2020-02-05,18612,9333,9279
2020-02-06,19475,9562,9913
2020-02-07,17283,8619,8664
2020-02-08,9701,4916,4785
2020-02-09,10149,5265,4884
2020-02-10,17654,8963,8691
2020-02-11,18936,9429,9507
2020-02-12,19478,9682,9796
2020-02-13,19543,9676,9867
2020-02-14,16638,8217,8421
2020-02-15,9400,4868,4532
2020-02-16,10126,5218,4908
2020-02-17,17557,8993,8564
2020-02-18,19136,9491,9645
2020-02-19,19912,9910,10002
2020-02-20,19225,9516,9709
2020-02-21,17386,8581,8805
2020-02-22,10273,5305,4968
2020-02-23,10066,5317,4749
2020-02-24,17623,8883,8740
2020-02-25,19190,9628,9562
2020-02-26,19460,9743,9717
2020-02-27,19076,9658,9418
2020-02-28,17297,8684,8613
2020-02-29,10000,5151,4849
2020-03-01,10150,5298,4852
2020-03-02,17325,8773,8552
2020-03-03,18981,9590,9391
2020-03-04,19101,9544,9557
2020-03-05,19280,9744,9536
2020-03-06,17399,8855,8544
2020-03-07,10234,5320,4914
2020-03-08,9874,5191,4683
2020-03-09,16621,8511,8110
2020-03-10,17646,8948,8698
2020-03-11,18402,9381,9021
2020-03-12,17321,8824,8497
2020-03-13,15282,7830,7452
2020-03-14,9944,5192,4752
2020-03-15,10382,5474,4908
2020-03-16,15799,8379,7420
2020-03-17,17109,9099,8010
2020-03-18,17286,9334,7952
2020-03-19,17639,9443,8196
2020-03-20,16359,8752,7607
2020-03-21,11439,6038,5401
2020-03-22,11785,6302,5483
2020-03-23,16812,9270,7542
2020-03-24,17914,9791,8123
2020-03-25,18022,9788,8234
2020-03-26,18862,10418,8444
2020-03-27,17688,9484,8204
2020-03-28,12822,6749,6073
2020-03-29,13733,7178,6555
2020-03-30,19118,10145,8973
2020-03-31,20277,10552,9725
2020-04-01,20501,10876,9625
2020-04-02,20886,10872,10014
2020-04-03,19016,10049,8967
2020-04-04,14226,7344,6882
2020-04-05,14714,7467,7247
2020-04-06,19661,10456,9205
2020-04-07,20545,10729,9816
2020-04-08,20574,10694,9880
2020-04-09,20204,10586,9618
2020-04-10,18279,9346,8933
2020-04-11,14763,7613,7150
2020-04-12,14577,7536,7041
2020-04-13,18917,9906,9011
2020-04-14,20499,10700,9799
2020-04-15,21342,11207,10135
2020-04-16,21511,11191,10320
2020-04-17,20480,10631,9849
2020-04-18,15298,7824,7474
2020-04-19,15367,7957,7410
2020-04-20,20728,10907,9821
2020-04-21,21171,11198,9973
2020-04-22,21910,11478,10432
2020-04-23,21789,11474,10315
2020-04-24,20327,10682,9645
2020-04-25,14908,7696,7212
2020-04-26,15547,8067,7480
2020-04-27,20771,10954,9817
2020-04-28,21493,11285,10208
2020-04-29,21690,11446,10244
2020-04-30,21097,10975,10122
2020-05-01,17852,9199,8653
2020-05-02,15248,7757,7491
2020-05-03,15287,7816,7471
2020-05-04,20388,10619,9769
2020-05-05,21453,11131,10322
2020-05-06,22435,11615,10820
2020-05-07,22232,11436,10796
2020-05-08,20250,10384,9866
2020-05-09,15393,7739,7654
2020-05-10,14872,7587,7285
2020-05-11,21133,10984,10149
2020-05-12,22593,11785,10808
2020-05-13,22853,11897,10956
2020-05-14,22478,11655,10823
2020-05-15,20732,10577,10155
2020-05-16,15035,7629,7406
2020-05-17,15160,7729,7431
2020-05-18,20557,10811,9746
2020-05-19,21838,11283,10555
2020-05-20,22083,11315,10768
2020-05-21,20781,10792,9989
2020-05-22,19948,10241,9707
2020-05-23,14360,7183,7177
2020-05-24,13845,6931,6914
2020-05-25,18678,9475,9203
2020-05-26,20753,10671,10082
2020-05-27,21447,11067,10380
2020-05-28,21667,11105,10562
2020-05-29,19740,10022,9718
2020-05-30,13837,7008,6829
2020-05-31,13800,6938,6862
2020-06-01,18843,9594,9249
2020-06-02,20407,10532,9875
2020-06-03,21477,10968,10509
2020-06-04,21325,10909,10416
2020-06-05,19680,10043,9637
2020-06-06,13649,6959,6690
2020-06-07,13771,7069,6702
2020-06-08,19796,10455,9341
2020-06-09,20800,10823,9977
2020-06-10,21205,11058,10147
2020-06-11,20426,10525,9901
2020-06-12,18579,9588,8991
2020-06-13,12870,6568,6302
2020-06-14,12622,6538,6084
2020-06-15,19322,10002,9320
2020-06-16,20486,10517,9969
2020-06-17,20842,10679,10163
2020-06-18,21009,10843,10166
2020-06-19,18851,9621,9230
2020-06-20,12937,6277,6660
2020-06-21,12669,6213,6456
2020-06-22,19579,9881,9698
2020-06-23,20236,10430,9806
2020-06-24,20276,10417,9859
2020-06-25,20204,10368,9836
2020-06-26,18354,9400,8954
2020-06-27,12330,6147,6183
2020-06-28,12705,6372,6333
2020-06-29,18889,9777,9112
2020-06-30,19399,9900,9499
2020-07-01,19185,9973,9212
2020-07-02,19680,10036,9644
2020-07-03,17301,8842,8459
2020-07-04,11619,5814,5805
2020-07-05,11970,6008,5962
2020-07-06,18565,9454,9111
2020-07-07,19376,9961,9415
2020-07-08,19820,10144,9676
2020-07-09,19997,10168,9829
2020-07-10,18362,9358,9004
2020-07-11,11984,5900,6084
2020-07-12,11806,6010,5796
2020-07-13,18481,9635,8846
2020-07-14,19561,10056,9505
2020-07-15,19769,10103,9666
2020-07-16,19737,10147,9590
2020-07-17,18000,8978,9022
2020-07-18,11707,5843,5864
2020-07-19,12023,6065,5958
2020-07-20,18489,9651,8838
2020-07-21,19313,9836,9477
2020-07-22,20027,10200,9827
2020-07-23,19997,10287,9710
2020-07-24,18039,9103,8936
2020-07-25,11877,5895,5982
2020-07-26,12248,6023,6225
2020-07-27,18177,9444,8733
2020-07-28,19194,9827,9367
2020-07-29,19777,10142,9635
2020-07-30,18828,9674,9154
2020-07-31,16375,8168,8207
2020-08-01,10679,5306,5373
2020-08-02,10957,5432,5525
2020-08-03,16371,8483,7888
2020-08-04,18110,9272,8838
2020-08-05,18433,9351,9082
2020-08-06,18278,9394,8884
2020-08-07,17147,8702,8445
2020-08-08,10742,5382,5360
2020-08-09,11213,5668,5545
2020-08-10,17150,8854,8296
2020-08-11,18246,9333,8913
2020-08-12,18230,9407,8823
2020-08-13,18541,9511,9030
2020-08-14,16589,8438,8151
2020-08-15,10503,5296,5207
2020-08-16,11149,5578,5571
2020-08-17,17052,8842,8210
2020-08-18,18162,9334,8828
2020-08-19,18281,9222,9059
2020-08-20,18177,9275,8902
2020-08-21,16653,8380,8273
2020-08-22,10804,5524,5280
2020-08-23,10961,5498,5463
2020-08-24,17066,8739,8327
2020-08-25,18448,9570,8878
2020-08-26,18601,9398,9203
2020-08-27,18331,9293,9038
2020-08-28,16535,8394,8141
2020-08-29,10656,5328,5328
2020-08-30,10376,5349,5027
2020-08-31,16391,8500,7891
2020-09-01,17295,9007,8288
2020-09-02,18039,9249,8790
2020-09-03,18130,9356,8774
2020-09-04,16070,8273,7797
2020-09-05,10318,5277,5041
2020-09-06,10369,5421,4948
2020-09-07,15583,8084,7499
2020-09-08,17471,9099,8372
2020-09-09,18022,9443,8579
2020-09-10,18060,9521,8539
2020-09-11,16501,8633,7868
2020-09-12,10324,5404,4920
2020-09-13,10687,5613,5074
2020-09-14,16631,8796,7835
2020-09-15,18037,9334,8703
2020-09-16,18094,9369,8725
2020-09-17,18115,9544,8571
2020-09-18,16498,8667,7831
2020-09-19,10297,5365,4932
2020-09-20,10337,5399,4938
2020-09-21,16607,8682,7925
2020-09-22,17831,9361,8470
2020-09-23,18588,9634,8954
2020-09-24,18162,9472,8690
2020-09-25,16673,8668,8005
2020-09-26,10929,5612,5317
2020-09-27,10793,5673,5120
2020-09-28,16735,8857,7878
2020-09-29,18058,9350,8708
2020-09-30,18146,9337,8809
2020-10-01,17255,8917,8338
2020-10-02,14838,7709,7129
2020-10-03,10562,5489,5073
2020-10-04,10952,5745,5207
2020-10-05,16611,8779,7832
2020-10-06,17718,9288,8430
2020-10-07,18561,9681,8880
2020-10-08,18266,9658,8608
2020-10-09,16487,8571,7916
2020-10-10,10738,5594,5144
2020-10-11,10706,5647,5059
2020-10-12,16643,8852,7791
2020-10-13,17924,9426,8498
2020-10-14,18263,9584,8679
2020-10-15,18154,9651,8503
2020-10-16,16613,8665,7948
2020-10-17,10642,5580,5062
2020-10-18,11006,5833,5173
2020-10-19,17141,9034,8107
2020-10-20,18189,9615,8574
2020-10-21,18492,9828,8664
2020-10-22,18753,9944,8809
2020-10-23,16559,8639,7920
2020-10-24,10430,5449,4981
2020-10-25,10910,5747,5163
2020-10-26,16544,8741,7803
2020-10-27,18009,9491,8518
2020-10-28,18411,9633,8778
2020-10-29,17847,9417,8430
2020-10-30,16248,8551,7697
2020-10-31,10363,5414,4949
2020-11-01,10708,5685,5023
2020-11-02,16706,8920,7786
2020-11-03,17508,9274,8234
2020-11-04,16886,9113,7773
2020-11-05,17624,9290,8334
2020-11-06,16097,8550,7547
2020-11-07,10489,5553,4936
2020-11-08,10668,5794,4874
2020-11-09,16654,9088,7566
2020-11-10,17600,9342,8258
2020-11-11,17382,9315,8067
2020-11-12,17645,9382,8263
2020-11-13,15939,8371,7568
2020-11-14,10371,5496,4875
2020-11-15,11140,5885,5255
2020-11-16,16396,8689,7707
2020-11-17,17659,9305,8354
2020-11-18,18156,9647,8509
2020-11-19,18524,9700,8824
2020-11-20,16626,8648,7978
2020-11-21,10924,5724,5200
2020-11-22,11559,6078,5481
2020-11-23,17414,9212,8202
2020-11-24,18233,9541,8692
2020-11-25,17715,9323,8392
2020-11-26,16215,8530,7685
2020-11-27,14550,7640,6910
2020-11-28,10519,5480,5039
2020-11-29,10872,5810,5062
2020-11-30,16332,8776,7556
2020-12-01,17477,9332,8145
2020-12-02,17575,9339,8236
2020-12-03,18072,9558,8514
2020-12-04,16333,8542,7791
2020-12-05,10903,5850,5053
2020-12-06,11142,5893,5249
2020-12-07,16768,8836,7932
2020-12-08,17523,9231,8292
2020-12-09,17914,9499,8415
2020-12-10,17323,9091,8232
2020-12-11,16182,8393,7789
2020-12-12,10943,5657,5286
2020-12-13,10880,5749,5131
2020-12-14,16188,8612,7576
2020-12-15,17188,8903,8285
2020-12-16,17423,8984,8439
2020-12-17,17171,8874,8297
2020-12-18,15325,7753,7572
2020-12-19,10274,5233,5041
2020-12-20,10340,5379,4961
2020-12-21,15528,8032,7496
2020-12-22,15818,8141,7677
2020-12-23,14981,7540,7441
2020-12-24,11796,5914,5882
2020-12-25,8498,4214,4284
2020-12-26,9116,4703,4413
2020-12-27,9791,4983,4808
2020-12-28,13976,7003,6973
2020-12-29,14701,7406,7295
2020-12-30,14716,7302,7414
2020-12-31,11317,5615,5702
2021-01-01,8457,4225,4232
2021-01-02,10535,5285,5250
2021-01-03,10799,5425,5374
2021-01-04,15259,7739,7520
2021-01-05,16816,8747,8069
2021-01-06,16620,8717,7903
2021-01-07,16710,8624,8086
2021-01-08,16304,8391,7913
2021-01-09,10880,5472,5408
2021-01-10,10947,5737,5210
2021-01-11,16407,8517,7890
2021-01-12,17588,9111,8477
2021-01-13,17750,9169,8581
2021-01-14,17037,8927,8110
2021-01-15,16460,8410,8050
2021-01-16,10888,5622,5266
2021-01-17,11250,5926,5324
2021-01-18,16458,8596,7862
2021-01-19,17537,9226,8311
2021-01-20,18090,9507,8583
2021-01-21,18108,9519,8589
2021-01-22,16817,8688,8129
2021-01-23,11487,5882,5605
2021-01-24,11499,5958,5541
2021-01-25,16745,8783,7962
2021-01-26,16950,8863,8087
2021-01-27,18110,9468,8642
2021-01-28,17805,9222,8583
2021-01-29,16285,8377,7908
2021-01-30,11111,5742,5369
2021-01-31,11128,5791,5337
2021-02-01,16282,8600,7682
2021-02-02,17501,9365,8136
2021-02-03,18152,9583,8569
2021-02-04,18118,9472,8646
2021-02-05,16508,8432,8076
2021-02-06,11040,5743,5297
2021-02-07,11138,5771,5367
2021-02-08,16717,8896,7821
2021-02-09,17928,9260,8668
2021-02-10,17889,9449,8440
2021-02-11,17788,9375,8413
2021-02-12,15817,8214,7603
2021-02-13,10581,5424,5157
2021-02-14,10161,5282,4879
2021-02-15,15718,8350,7368
2021-02-16,16860,8876,7984
2021-02-17,17755,9353,8402
2021-02-18,18215,9502,8713
2021-02-19,16611,8594,8017
2021-02-20,11272,5837,5435
2021-02-21,10648,5612,5036
2021-02-22,16699,9008,7691
2021-02-23,17571,9219,8352
2021-02-24,17803,9493,8310
2021-02-25,17651,9284,8367
2021-02-26,16004,8399,7605
2021-02-27,10377,5390,4987
2021-02-28,10470,5476,4994
2021-03-01,16292,8789,7503
2021-03-02,17399,9406,7993
2021-03-03,17852,9569,8283
2021-03-04,18117,9638,8479
2021-03-05,16217,8481,7736
2021-03-06,10861,5724,5137
2021-03-07,10846,5781,5065
2021-03-08,16173,8618,7555
2021-03-09,17524,9429,8095
2021-03-10,18140,9638,8502
2021-03-11,17659,9444,8215
2021-03-12,16454,8703,7751
2021-03-13,11009,5680,5329
2021-03-14,11007,5671,5336
2021-03-15,16559,8905,7654
2021-03-16,17831,9438,8393
2021-03-17,17749,9567,8182
2021-03-18,17837,9527,8310
2021-03-19,16190,8665,7525
2021-03-20,10639,5632,5007
2021-03-21,11165,5894,5271
2021-03-22,16605,8977,7628
2021-03-23,17488,9311,8177
2021-03-24,18207,9707,8500
2021-03-25,18040,9494,8546
2021-03-26,16526,8704,7822
2021-03-27,10520,5469,5051
2021-03-28,10027,5382,4645
2021-03-29,15839,8620,7219
2021-03-30,16777,9043,7734
2021-03-31,16853,8940,7913
2021-04-01,16133,8405,7728
2021-04-02,13615,7082,6533
2021-04-03,10373,5395,4978
2021-04-04,9953,5290,4663
2021-04-05,14240,7543,6697
2021-04-06,16804,8841,7963
2021-04-07,17695,9334,8361
2021-04-08,17683,9427,8256
2021-04-09,16267,8621,7646
2021-04-10,10696,5697,4999
2021-04-11,10910,5800,5110
2021-04-12,15824,8355,7469
2021-04-13,16728,8762,7966
2021-04-14,16712,8879,7833
2021-04-15,16888,9048,7840
2021-04-16,16036,8598,7438
2021-04-17,10553,5675,4878
2021-04-18,10490,5615,4875
2021-04-19,16195,8747,7448
2021-04-20,16939,9230,7709
2021-04-21,17270,9193,8077
2021-04-22,17285,9214,8071
2021-04-23,15809,8367,7442
2021-04-24,10416,5467,4949
2021-04-25,10811,5841,4970
2021-04-26,15882,8586,7296
2021-04-27,16823,9051,7772
2021-04-28,17290,9199,8091
2021-04-29,17157,9205,7952
2021-04-30,15186,8119,7067
2021-05-01,10145,5434,4711
2021-05-02,10245,5425,4820
2021-05-03,15049,7994,7055
2021-05-04,16407,8714,7693
2021-05-05,16609,8888,7721
2021-05-06,17182,9151,8031
2021-05-07,15464,8206,7258
2021-05-08,10308,5453,4855
2021-05-09,10126,5380,4746
2021-05-10,15600,8483,7117
2021-05-11,16786,8887,7899
2021-05-12,16636,8675,7961
2021-05-13,15175,8056,7119
2021-05-14,14591,7570,7021
2021-05-15,9992,5219,4773
2021-05-16,10412,5467,4945
2021-05-17,15757,8398,7359
2021-05-18,16985,9042,7943
2021-05-19,16989,8958,8031
2021-05-20,16990,9015,7975
2021-05-21,15624,8156,7468
2021-05-22,10117,5256,4861
2021-05-23,10268,5409,4859
2021-05-24,14801,7894,6907
2021-05-25,16818,8968,7850
2021-05-26,17088,8928,8160
2021-05-27,17212,8984,8228
2021-05-28,15303,7967,7336
2021-05-29,9987,5304,4683
2021-05-30,10045,5226,4819
2021-05-31,14612,7793,6819
2021-06-01,16051,8426,7625
2021-06-02,16522,8790,7732
2021-06-03,16070,8384,7686
2021-06-04,15165,7823,7342
2021-06-05,9647,5023,4624
2021-06-06,9793,5096,4697
2021-06-07,15303,8149,7154
2021-06-08,15970,8390,7580
2021-06-09,17123,9144,7979
2021-06-10,16715,8902,7813
2021-06-11,14799,7813,6986
2021-06-12,9280,4804,4476
2021-06-13,9670,5096,4574
2021-06-14,14918,7948,6970
2021-06-15,16331,8688,7643
2021-06-16,16530,8796,7734
2021-06-17,16457,8684,7773
2021-06-18,14742,7677,7065
2021-06-19,9073,4757,4316
2021-06-20,9340,4881,4459
2021-06-21,15039,8077,6962
2021-06-22,15981,8409,7572
2021-06-23,16166,8499,7667
2021-06-24,15732,8440,7292
2021-06-25,14183,7396,6787
2021-06-26,8911,4666,4245
2021-06-27,9117,4664,4453
2021-06-28,14966,7819,7147
2021-06-29,15781,8447,7334
2021-06-30,15859,8316,7543
2021-07-01,15317,8055,7262
2021-07-02,14168,7452,6716
2021-07-03,8442,4431,4011
2021-07-04,8864,4638,4226
2021-07-05,13501,7255,6246
2021-07-06,15446,8233,7213
2021-07-07,15539,8201,7338
2021-07-08,15670,8435,7235
2021-07-09,13874,7203,6671
2021-07-10,8686,4556,4130
2021-07-11,8324,4352,3972
2021-07-12,14314,7683,6631
2021-07-13,15485,8228,7257
2021-07-14,15807,8316,7491
2021-07-15,15669,8180,7489
2021-07-16,14331,7420,6911
2021-07-17,8730,4525,4205
2021-07-18,8814,4594,4220
2021-07-19,14250,7600,6650
2021-07-20,14388,7568,6820
2021-07-21,15139,7919,7220
2021-07-22,14915,7791,7124
2021-07-23,13366,7002,6364
2021-07-24,8598,4409,4189
2021-07-25,8675,4500,4175
2021-07-26,14188,7513,6675
2021-07-27,15392,8011,7381
2021-07-28,15673,8302,7371
2021-07-29,15376,8061,7315
2021-07-30,14112,7202,6910
2021-07-31,8492,4346,4146
2021-08-01,8614,4451,4163
2021-08-02,13794,7384,6410
2021-08-03,14950,7884,7066
2021-08-04,15194,7980,7214
2021-08-05,15500,8073,7427
2021-08-06,13763,7173,6590
2021-08-07,8417,4325,4092
2021-08-08,8692,4484,4208
2021-08-09,14123,7373,6750
2021-08-10,14860,7875,6985
2021-08-11,15559,8096,7463
2021-08-12,15203,7843,7360
2021-08-13,14012,7131,6881
2021-08-14,8428,4230,4198
2021-08-15,8350,4305,4045
2021-08-16,14128,7431,6697
2021-08-17,14905,7808,7097
2021-08-18,15312,8067,7245
2021-08-19,15083,7880,7203
2021-08-20,13464,6927,6537
2021-08-21,8448,4335,4113
2021-08-22,8441,4332,4109
2021-08-23,14277,7519,6758
2021-08-24,14995,7789,7206
2021-08-25,15723,8169,7554
2021-08-26,15528,8011,7517
2021-08-27,13783,7072,6711
2021-08-28,8543,4293,4250
2021-08-29,8892,4539,4353
2021-08-30,13633,7034,6599
2021-08-31,14957,7702,7255
2021-09-01,15276,7792,7484
2021-09-02,15441,7873,7568
2021-09-03,13357,6834,6523
2021-09-04,8174,4220,3954
2021-09-05,8326,4235,4091
2021-09-06,13185,6888,6297
2021-09-07,14398,7459,6939
2021-09-08,15192,7827,7365
2021-09-09,15029,7814,7215
2021-09-10,13148,6840,6308
2021-09-11,8498,4333,4165
2021-09-12,8503,4371,4132
2021-09-13,14261,7467,6794
2021-09-14,15372,8059,7313
2021-09-15,15272,8058,7214
2021-09-16,15415,8125,7290
2021-09-17,14152,7211,6941
2021-09-18,8784,4525,4259
2021-09-19,8574,4492,4082
2021-09-20,14067,7413,6654
2021-09-21,14758,7755,7003
2021-09-22,15693,8121,7572
2021-09-23,15628,8089,7539
2021-09-24,14017,7285,6732
2021-09-25,8773,4407,4366
2021-09-26,8984,4574,4410
2021-09-27,14487,7674,6813
2021-09-28,15241,7995,7246
2021-09-29,14942,7804,7138
2021-09-30,15344,7975,7369
2021-10-01,13035,6765,6270
2021-10-02,8139,4239,3900
2021-10-03,8640,4536,4104
2021-10-04,13767,7306,6461
2021-10-05,14927,8026,6901
2021-10-06,15449,8172,7277
2021-10-07,15106,7933,7173
2021-10-08,13721,7244,6477
2021-10-09,8565,4464,4101
2021-10-10,8476,4493,3983
2021-10-11,13827,7376,6451
2021-10-12,14546,7757,6789
2021-10-13,15414,8023,7391
2021-10-14,14951,7815,7136
2021-10-15,13096,6739,6357
2021-10-16,8703,4583,4120
2021-10-17,9079,4774,4305
2021-10-18,14233,7575,6658
2021-10-19,15093,7857,7236
2021-10-20,15472,8266,7206
2021-10-21,15700,8115,7585
2021-10-22,14105,7337,6768
2021-10-23,8786,4546,4240
2021-10-24,8703,4556,4147
2021-10-25,14369,7605,6764
2021-10-26,15178,8043,7135
2021-10-27,15566,8239,7327
2021-10-28,15423,8146,7277
2021-10-29,13623,7134,6489
2021-10-30,7162,3740,3422
2021-10-31,8462,4487,3975
2021-11-01,12511,6757,5754
2021-11-02,14212,7597,6615
2021-11-03,14838,7837,7001
2021-11-04,14117,7411,6706
2021-11-05,13220,6924,6296
2021-11-06,8402,4479,3923
2021-11-07,8594,4531,4063
2021-11-08,13861,7483,6378
2021-11-09,15154,8071,7083
2021-11-10,15154,8149,7005
2021-11-11,14751,7923,6828
2021-11-12,13880,7369,6511
2021-11-13,8934,4797,4137
2021-11-14,8929,4670,4259
2021-11-15,14148,7594,6554
2021-11-16,15125,8051,7074
2021-11-17,15545,8307,7238
2021-11-18,15209,8139,7070
2021-11-19,13915,7325,6590
2021-11-20,8682,4658,4024
2021-11-21,8765,4754,4011
2021-11-22,14205,7664,6541
2021-11-23,15430,8076,7354
2021-11-24,15064,7987,7077
2021-11-25,14034,7465,6569
2021-11-26,12704,6777,5927
2021-11-27,8556,4485,4071
2021-11-28,8843,4701,4142
2021-11-29,14213,7559,6654
2021-11-30,14852,8014,6838
2021-12-01,15161,8092,7069
2021-12-02,15173,8206,6967
2021-12-03,13980,7502,6478
2021-12-04,8540,4586,3954
2021-12-05,9143,4819,4324
2021-12-06,13773,7412,6361
2021-12-07,14993,7954,7039
2021-12-08,14778,7880,6898
2021-12-09,15032,8159,6873
2021-12-10,13375,6986,6389
2021-12-11,8345,4472,3873
2021-12-12,8726,4614,4112
2021-12-13,13594,7325,6269
2021-12-14,14672,7731,6941
2021-12-15,14767,7738,7029
2021-12-16,14237,7374,6863
2021-12-17,12981,6742,6239
2021-12-18,8085,4185,3900
2021-12-19,8150,4257,3893
2021-12-20,13046,6833,6213
2021-12-21,13561,7106,6455
2021-12-22,13485,6895,6590
2021-12-23,12090,6289,5801
2021-12-24,8787,4493,4294
2021-12-25,6263,3269,2994
2021-12-26,7166,3805,3361
2021-12-27,10887,5655,5232
2021-12-28,12264,6276,5988
2021-12-29,12372,6307,6065
2021-12-30,11626,5898,5728
2021-12-31,8476,4234,4242
2022-01-01,6428,3319,3109
2022-01-02,7883,4071,3812
2022-01-03,12066,6183,5883
2022-01-04,13656,7149,6507
2022-01-05,14625,7675,6950
2022-01-06,14042,7232,6810
2022-01-07,13401,6995,6406
2022-01-08,8960,4667,4293
2022-01-09,9076,4696,4380
2022-01-10,13690,7181,6509
2022-01-11,14607,7724,6883
2022-01-12,15083,7909,7174
2022-01-13,14641,7662,6979
2022-01-14,13212,6936,6276
2022-01-15,8607,4492,4115
2022-01-16,8818,4603,4215
2022-01-17,13630,7232,6398
2022-01-18,14956,7932,7024
2022-01-19,15437,8195,7242
2022-01-20,15565,8117,7448
2022-01-21,14022,7365,6657
2022-01-22,9264,4769,4495
2022-01-23,9500,4938,4562
2022-01-24,14265,7651,6614
2022-01-25,15286,8006,7280
2022-01-26,14519,7617,6902
2022-01-27,15610,8205,7405
2022-01-28,14063,7273,6790
2022-01-29,9359,4761,4598
2022-01-30,9253,4759,4494
2022-01-31,14187,7570,6617
2022-02-01,14872,7690,7182
2022-02-02,15281,8015,7266
2022-02-03,15536,8121,7415
2022-02-04,14213,7396,6817
2022-02-05,8970,4659,4311
2022-02-06,8997,4681,4316
2022-02-07,14789,7884,6905
2022-02-08,15460,8220,7240
2022-02-09,15848,8391,7457
2022-02-10,15492,8223,7269
2022-02-11,14046,7468,6578
2022-02-12,9034,4736,4298
2022-02-13,9043,4819,4224
2022-02-14,13737,7402,6335
2022-02-15,15211,8130,7081
2022-02-16,15925,8547,7378
2022-02-17,16047,8479,7568
2022-02-18,14277,7574,6703
2022-02-19,9075,4770,4305
2022-02-20,9605,4995,4610
2022-02-21,14536,7817,6719
2022-02-22,15389,8200,7189
2022-02-23,15653,8303,7350
2022-02-24,14131,7682,6449
2022-02-25,13342,7153,6189
2022-02-26,8227,4376,3851
2022-02-27,8222,4447,3775
2022-02-28,12957,7183,5774
2022-03-01,13611,7374,6237
2022-03-02,14628,7934,6694
2022-03-03,14541,7897,6644
2022-03-04,13228,7093,6135
2022-03-05,8393,4559,3834
2022-03-06,8368,4553,3815
2022-03-07,13378,7272,6106
2022-03-08,14265,7721,6544
2022-03-09,14527,7942,6585
2022-03-10,14797,8015,6782
2022-03-11,13656,7294,6362
2022-03-12,7622,4100,3522
2022-03-13,8323,4555,3768
2022-03-14,13710,7524,6186
2022-03-15,14835,7857,6978
2022-03-16,15205,8165,7040
2022-03-17,14818,7882,6936
2022-03-18,12966,6914,6052
2022-03-19,8680,4625,4055
2022-03-20,8525,4571,3954
2022-03-21,13930,7664,6266
2022-03-22,14821,7992,6829
2022-03-23,15150,8186,6964
2022-03-24,15260,8321,6939
2022-03-25,13524,7289,6235
2022-03-26,8448,4428,4020
2022-03-27,8454,4587,3867
2022-03-28,13778,7382,6396
2022-03-29,15074,8084,6990
2022-03-30,15348,8134,7214
2022-03-31,14985,8073,6912
2022-04-01,13407,6849,6558
2022-04-02,8175,4315,3860
2022-04-03,8733,4654,4079
2022-04-04,14213,7586,6627
2022-04-05,14707,7886,6821
2022-04-06,15155,8290,6865
2022-04-07,15367,8363,7004
2022-04-08,13999,7538,6461
2022-04-09,8568,4587,3981
2022-04-10,8664,4658,4006
2022-04-11,14060,7615,6445
2022-04-12,14795,8042,6753
2022-04-13,14670,7850,6820
2022-04-14,13727,7327,6400
2022-04-15,11230,5954,5276
2022-04-16,8343,4503,3840
2022-04-17,8018,4430,3588
2022-04-18,11881,6437,5444
2022-04-19,14382,7681,6701
2022-04-20,14796,7949,6847
2022-04-21,14607,7814,6793
2022-04-22,13706,7239,6467
2022-04-23,8731,4642,4089
2022-04-24,8795,4664,4131
2022-04-25,13601,7408,6193
2022-04-26,14928,7961,6967
2022-04-27,14674,7881,6793
2022-04-28,14923,8010,6913
2022-04-29,13263,7076,6187
2022-04-30,8353,4466,3887
2022-05-01,8172,4415,3757
2022-05-02,12321,6736,5585
2022-05-03,13030,7145,5885
2022-05-04,14009,7668,6341
2022-05-05,14140,7688,6452
2022-05-06,13663,7313,6350
2022-05-07,8727,4623,4104
2022-05-08,8685,4694,3991
2022-05-09,13468,7342,6126
2022-05-10,14732,7965,6767
2022-05-11,14699,7968,6731
2022-05-12,14403,7734,6669
2022-05-13,13165,7053,6112
2022-05-14,8243,4461,3782
2022-05-15,8372,4527,3845
2022-05-16,13795,7612,6183
2022-05-17,15065,8229,6836
2022-05-18,15327,8268,7059
2022-05-19,14982,8082,6900
2022-05-20,13517,7213,6304
2022-05-21,8231,4310,3921
2022-05-22,8101,4352,3749
2022-05-23,13836,7551,6285
2022-05-24,14740,8031,6709
2022-05-25,14625,7889,6736
2022-05-26,13881,7379,6502
2022-05-27,12794,6882,5912
2022-05-28,8013,4272,3741
2022-05-29,8032,4396,3636
2022-05-30,12939,7073,5866
2022-05-31,14155,7485,6670
2022-06-01,13993,7443,6550
2022-06-02,14238,7575,6663
2022-06-03,12724,6796,5928
2022-06-04,7715,4157,3558
2022-06-05,7991,4272,3719
2022-06-06,12680,6945,5735
2022-06-07,14093,7556,6537
2022-06-08,14701,7854,6847
2022-06-09,14373,7814,6559
2022-06-10,12969,6963,6006
2022-06-11,7875,4180,3695
2022-06-12,8035,4375,3660
2022-06-13,13498,7238,6260
2022-06-14,14362,7664,6698
2022-06-15,14453,7673,6780
2022-06-16,13980,7592,6388
2022-06-17,12695,6804,5891
2022-06-18,7739,4036,3703
2022-06-19,7580,4064,3516
2022-06-20,12956,6987,5969
2022-06-21,14225,7606,6619
2022-06-22,14890,7976,6914
2022-06-23,14556,7790,6766
2022-06-24,12652,6825,5827
2022-06-25,7669,4030,3639
2022-06-26,7820,4078,3742
2022-06-27,13523,7325,6198
2022-06-28,14926,7910,7016
2022-06-29,14632,7760,6872
2022-06-30,14132,7452,6680
2022-07-01,12399,6513,5886
2022-07-02,7600,3995,3605
2022-07-03,7499,4008,3491
2022-07-04,12185,6532,5653
2022-07-05,13757,7353,6404
2022-07-06,14354,7578,6776
2022-07-07,14375,7631,6744
2022-07-08,12616,6616,6000
2022-07-09,7359,3799,3560
2022-07-10,7268,3811,3457
2022-07-11,13093,7021,6072
2022-07-12,13771,7351,6420
2022-07-13,14330,7563,6767
2022-07-14,13911,7477,6434
2022-07-15,12808,6703,6105
2022-07-16,7803,4064,3739
2022-07-17,7761,4127,3634
2022-07-18,13589,7320,6269
2022-07-19,14864,7858,7006
2022-07-20,14679,7871,6808
2022-07-21,14463,7626,6837
2022-07-22,13317,7043,6274
2022-07-23,7822,4107,3715
2022-07-24,7977,4281,3696
2022-07-25,13530,7394,6136
2022-07-26,14453,7776,6677
2022-07-27,14886,7894,6992
2022-07-28,14502,7792,6710
2022-07-29,11650,6031,5619
2022-07-30,7845,4087,3758
2022-07-31,7948,4197,3751
2022-08-01,12864,6989,5875
2022-08-02,14274,7572,6702
2022-08-03,14062,7488,6574
2022-08-04,14326,7619,6707
2022-08-05,12911,6813,6098
2022-08-06,7760,4068,3692
2022-08-07,7809,4086,3723
2022-08-08,13351,7196,6155
2022-08-09,14064,7562,6502
2022-08-10,14617,7705,6912
2022-08-11,14069,7423,6646
2022-08-12,12729,6644,6085
2022-08-13,7595,4015,3580
2022-08-14,7541,4011,3530
2022-08-15,11609,6195,5414
2022-08-16,14028,7363,6665
2022-08-17,14527,7654,6873
2022-08-18,14484,7597,6887
2022-08-19,12667,6614,6053
2022-08-20,7598,3983,3615
2022-08-21,8188,4237,3951
2022-08-22,13026,6835,6191
2022-08-23,14019,7389,6630
2022-08-24,14482,7672,6810
2022-08-25,14173,7412,6761
2022-08-26,12697,6570,6127
2022-08-27,7669,3998,3671
2022-08-28,7947,4153,3794
2022-08-29,12694,6715,5979
2022-08-30,13772,7243,6529
2022-08-31,13451,7054,6397
2022-09-01,13437,7011,6426
2022-09-02,12279,6463,5816
2022-09-03,7295,3798,3497
2022-09-04,7457,3970,3487
2022-09-05,12000,6423,5577
2022-09-06,13222,6978,6244
2022-09-07,13705,7283,6422
2022-09-08,13549,7181,6368
2022-09-09,12374,6418,5956
2022-09-10,7512,3965,3547
2022-09-11,7440,3956,3484
2022-09-12,12952,6919,6033
2022-09-13,13836,7375,6461
2022-09-14,14096,7511,6585
2022-09-15,14213,7514,6699
2022-09-16,12737,6733,6004
2022-09-17,8008,4167,3841
2022-09-18,7869,4226,3643
2022-09-19,12871,6860,6011
2022-09-20,13353,7169,6184
2022-09-21,13464,7145,6319
2022-09-22,13697,7387,6310
2022-09-23,12141,6392,5749
2022-09-24,7406,3959,3447
2022-09-25,7268,4026,3242
2022-09-26,12468,6746,5722
2022-09-27,13838,7363,6475
2022-09-28,14037,7460,6577
2022-09-29,13769,7362,6407
2022-09-30,12218,6445,5773
2022-10-01,7590,4047,3543
2022-10-02,7579,4036,3543
2022-10-03,11765,6404,5361
2022-10-04,12819,6846,5973
2022-10-05,12692,6908,5784
2022-10-06,13642,7296,6346
2022-10-07,12401,6646,5755
2022-10-08,7808,4248,3560
2022-10-09,7913,4308,3605
2022-10-10,12520,6815,5705
2022-10-11,13434,7184,6250
2022-10-12,13951,7445,6506
2022-10-13,13875,7460,6415
2022-10-14,12770,6850,5920
2022-10-15,8020,4375,3645
2022-10-16,7648,4191,3457
2022-10-17,12880,7097,5783
2022-10-18,14227,7637,6590
2022-10-19,14523,7826,6697
2022-10-20,14331,7654,6677
2022-10-21,12716,6880,5836
2022-10-22,7724,4157,3567
2022-10-23,7705,4124,3581
2022-10-24,12304,6700,5604
2022-10-25,13407,7282,6125
2022-10-26,14048,7550,6498
2022-10-27,13995,7456,6539
2022-10-28,12515,6817,5698
2022-10-29,7751,4270,3481
2022-10-30,7901,4362,3539
2022-10-31,12611,6893,5718
2022-11-01,12787,6951,5836
2022-11-02,13814,7563,6251
2022-11-03,13940,7567,6373
2022-11-04,13298,7112,6186
2022-11-05,8247,4463,3784
2022-11-06,8366,4621,3745
2022-11-07,13606,7428,6178
2022-11-08,14176,7749,6427
2022-11-09,14198,7774,6424
2022-11-10,13927,7659,6268
2022-11-11,12675,6893,5782
2022-11-12,8131,4378,3753
2022-11-13,8264,4495,3769
2022-11-14,13502,7470,6032
2022-11-15,14347,7850,6497
2022-11-16,15066,8099,6967
2022-11-17,14841,7993,6848
2022-11-18,12946,6972,5974
2022-11-19,8208,4496,3712
2022-11-20,8287,4599,3688
2022-11-21,13095,7225,5870
2022-11-22,14248,7739,6509
2022-11-23,13877,7515,6362
2022-11-24,13013,7071,5942
2022-11-25,11499,6317,5182
2022-11-26,7768,4236,3532
2022-11-27,8216,4536,3680
2022-11-28,13006,7108,5898
2022-11-29,13768,7493,6275
2022-11-30,13946,7577,6369
2022-12-01,13957,7663,6294
2022-12-02,13325,6757,6568
2022-12-03,9018,4420,4598
2022-12-04,9257,4497,4760
2022-12-05,13706,7148,6558
2022-12-06,14589,7579,7010
2022-12-07,13759,7112,6647
2022-12-08,13472,6954,6518
2022-12-09,11706,6189,5517
2022-12-10,8080,4379,3701
2022-12-11,8029,4525,3504
2022-12-12,13100,7067,6033
2022-12-13,13560,7345,6215
2022-12-14,13224,7137,6087
2022-12-15,13346,7106,6240
2022-12-16,12001,6335,5666
2022-12-17,7411,3917,3494
2022-12-18,6911,3674,3237
2022-12-19,12046,6465,5581
2022-12-20,12826,6906,5920
2022-12-21,12838,6784,6054
2022-12-22,12012,6217,5795
2022-12-23,9878,5205,4673
2022-12-24,6066,3220,2846
2022-12-25,5555,2969,2586
2022-12-26,8298,4507,3791
2022-12-27,10292,5477,4815
2022-12-28,10947,5591,5356
2022-12-29,11002,5715,5287
2022-12-30,9645,4973,4672
2022-12-31,5880,3081,2799
2023-01-01,5541,2894,2647
2023-01-02,9910,5138,4772
2023-01-03,11725,6064,5661
2023-01-04,12782,6660,6122
2023-01-05,13059,6822,6237
2023-01-06,11521,5944,5577
2023-01-07,7456,3974,3482
2023-01-08,7530,3959,3571
2023-01-09,11958,6469,5489
2023-01-10,12918,6960,5958
2023-01-11,13183,6960,6223
2023-01-12,13283,6959,6324
2023-01-13,11673,6095,5578
2023-01-14,6861,3670,3191
2023-01-15,7133,3805,3328
2023-01-16,11616,6215,5401
2023-01-17,12580,6734,5846
2023-01-18,13014,6958,6056
2023-01-19,12980,6852,6128
2023-01-20,10878,5682,5196
2023-01-21,7101,3786,3315
2023-01-22,7289,3805,3484
2023-01-23,11493,6234,5259
2023-01-24,12232,6546,5686
2023-01-25,12609,6580,6029
2023-01-26,11717,6169,5548
2023-01-27,11595,6071,5524
2023-01-28,7297,3734,3563
2023-01-29,7503,3885,3618
2023-01-30,12168,6552,5616
2023-01-31,12923,6768,6155
2023-02-01,13066,6872,6194
2023-02-02,12702,6636,6066
2023-02-03,11922,6086,5836
2023-02-04,7131,3790,3341
2023-02-05,7134,3827,3307
2023-02-06,11376,6222,5154
2023-02-07,12438,6746,5692
2023-02-08,12711,6831,5880
2023-02-09,12772,6911,5861
2023-02-10,11506,6135,5371
2023-02-11,6897,3649,3248
2023-02-12,6828,3663,3165
2023-02-13,11329,6211,5118
2023-02-14,12078,6522,5556
2023-02-15,12164,6496,5668
2023-02-16,12551,6549,6002
2023-02-17,11155,5917,5238
2023-02-18,6896,3592,3304
2023-02-19,7055,3722,3333
2023-02-20,11014,5853,5161
2023-02-21,11804,6397,5407
2023-02-22,12275,6627,5648
2023-02-23,12126,6413,5713
2023-02-24,10926,5748,5178
2023-02-25,6792,3637,3155
2023-02-26,6554,3560,2994
2023-02-27,10935,5997,4938
2023-02-28,11709,6281,5428
2023-03-01,11763,6217,5546
2023-03-02,11789,6300,5489
2023-03-03,10811,5672,5139
2023-03-04,6632,3537,3095
2023-03-05,6679,3495,3184
2023-03-06,10770,5772,4998
2023-03-07,11400,6191,5209
2023-03-08,10975,5942,5033
2023-03-09,11811,6364,5447
2023-03-10,10850,5771,5079
2023-03-11,6473,3431,3042
2023-03-12,6798,3650,3148
2023-03-13,10816,5804,5012
2023-03-14,11451,6042,5409
2023-03-15,11655,6208,5447
2023-03-16,11567,6119,5448
2023-03-17,10423,5370,5053
2023-03-18,6254,3312,2942
2023-03-19,6322,3456,2866
2023-03-20,10628,5832,4796
2023-03-21,11046,5793,5253
2023-03-22,10853,5965,4888
2023-03-23,10722,5831,4891
2023-03-24,9936,5288,4648
2023-03-25,6288,3414,2874
2023-03-26,6023,3441,2582
2023-03-27,10085,5609,4476
2023-03-28,10690,5778,4912
2023-03-29,11075,6074,5001
2023-03-30,10695,5724,4971
2023-03-31,9755,5259,4496
2023-04-01,5912,3215,2697
2023-04-02,5726,3147,2579
2023-04-03,9325,5100,4225
2023-04-04,10151,5564,4587
2023-04-05,10116,5537,4579
2023-04-06,9719,5275,4444
2023-04-07,8097,4260,3837
2023-04-08,5526,3053,2473
2023-04-09,5297,2961,2336
2023-04-10,8057,4471,3586
2023-04-11,9347,5245,4102
2023-04-12,9765,5352,4413
2023-04-13,9970,5452,4518
2023-04-14,9040,4990,4050
2023-04-15,5599,3084,2515
2023-04-16,5603,3077,2526
2023-04-17,9181,5085,4096
2023-04-18,9717,5286,4431
2023-04-19,9778,5422,4356
2023-04-20,9358,5199,4159
2023-04-21,8432,4577,3855
2023-04-22,5071,2806,2265
2023-04-23,5336,2994,2342
2023-04-24,9012,4943,4069
2023-04-25,9389,5224,4165
2023-04-26,9588,5210,4378
2023-04-27,9532,5140,4392
2023-04-28,8530,4595,3935
2023-04-29,5070,2779,2291
2023-04-30,5094,2762,2332
2023-05-01,6796,3738,3058
2023-05-02,8732,4678,4054
2023-05-03,9048,4927,4121
2023-05-04,9349,5129,4220
2023-05-05,8484,4649,3835
2023-05-06,5135,2829,2306
2023-05-07,5095,2812,2283
2023-05-08,8293,4586,3707
2023-05-09,8990,4841,4149
2023-05-10,9212,5039,4173
2023-05-11,9005,4827,4178
2023-05-12,8207,4472,3735
2023-05-13,4791,2679,2112
2023-05-14,4840,2692,2148
2023-05-15,8433,4651,3782
2023-05-16,9162,4964,4198
2023-05-17,9114,4919,4195
2023-05-18,8299,4633,3666
2023-05-19,7818,4234,3584
2023-05-20,4760,2613,2147
2023-05-21,4585,2533,2052
2023-05-22,8169,4456,3713
2023-05-23,8742,4749,3993
2023-05-24,8771,4795,3976
2023-05-25,8799,4802,3997
2023-05-26,7923,4349,3574
2023-05-27,4657,2581,2076
2023-05-28,4560,2503,2057
2023-05-29,6852,3886,2966
2023-05-30,8413,4606,3807
2023-05-31,8618,4704,3914
2023-06-01,8464,4560,3904
2023-06-02,7648,4168,3480
2023-06-03,4410,2470,1940
2023-06-04,4403,2487,1916
2023-06-05,7777,4390,3387
2023-06-06,8455,4725,3730
2023-06-07,8668,4697,3971
2023-06-08,8601,4636,3965
2023-06-09,7817,4283,3534
2023-06-10,4373,2464,1909
2023-06-11,4374,2400,1974
2023-06-12,7956,4309,3647
2023-06-13,8421,4672,3749
2023-06-14,8907,4921,3986
2023-06-15,7889,4319,3570
2023-06-16,7983,4342,3641
2023-06-17,4414,2401,2013
2023-06-18,4355,2394,1961
2023-06-19,7714,4232,3482
2023-06-20,8421,4528,3893
2023-06-21,8729,4695,4034
2023-06-22,8509,4540,3969
2023-06-23,7685,4083,3602
2023-06-24,4353,2312,2041
2023-06-25,4453,2400,2053
2023-06-26,8005,4321,3684
2023-06-27,8379,4488,3891
2023-06-28,8090,4380,3710
2023-06-29,7874,4243,3631
2023-06-30,7542,3892,3650
2023-07-01,4177,2219,1958
2023-07-02,4240,2246,1994
2023-07-03,7484,4011,3473
2023-07-04,7675,4131,3544
2023-07-05,8350,4533,3817
2023-07-06,8440,4556,3884
2023-07-07,7623,4101,3522
2023-07-08,4582,2513,2069
2023-07-09,4607,2482,2125
2023-07-10,7972,4369,3603
2023-07-11,8431,4572,3859
2023-07-12,8695,4677,4018
2023-07-13,8763,4674,4089
2023-07-14,7735,4165,3570
2023-07-15,4529,2435,2094
2023-07-16,4633,2550,2083
2023-07-17,7918,4319,3599
2023-07-18,8392,4593,3799
2023-07-19,8709,4633,4076
2023-07-20,8461,4543,3918
2023-07-21,7465,3976,3489
2023-07-22,4363,2295,2068
2023-07-23,4545,2450,2095