date,accept votes,up and down votes,upvotes,downvotes
2018-02-08,3347,65834,57278,8556
2018-02-09,2935,58620,50446,8174
2018-02-10,1633,31048,25794,5254
2018-02-11,1722,31417,26219,5198
2018-02-12,3155,59790,51207,8583
2018-02-13,3108,63413,55242,8171
2018-02-14,3045,62839,54400,8439
2018-02-15,3167,63569,55187,8382
2018-02-16,2801,58191,50186,8005
2018-02-17,1584,30001,24990,5011
2018-02-18,1782,30833,25527,5306
2018-02-19,2812,56685,48607,8078
2018-02-20,3102,63637,54991,8646
2018-02-21,3206,66063,57693,8370
2018-02-22,3250,65087,56291,8796
2018-02-23,2829,57122,49136,7986
2018-02-24,1661,30734,25261,5473
2018-02-25,1784,30595,25456,5139
2018-02-26,3051,61430,52712,8718
2018-02-27,3229,66097,57406,8691
2018-02-28,3184,65813,57381,8432
2018-03-01,3104,62738,54494,8244
2018-03-02,2810,56749,48922,7827
2018-03-03,1674,31164,26003,5161
2018-03-04,1784,32207,26939,5268
2018-03-05,3189,61370,52884,8486
2018-03-06,3194,66370,57653,8717
2018-03-07,3117,66380,57747,8633
2018-03-08,3125,65408,56662,8746
2018-03-09,2911,59034,51133,7901
2018-03-10,1615,31088,26166,4922
2018-03-11,1749,31094,25962,5132
2018-03-12,3177,62100,53808,8292
2018-03-13,3227,67044,58112,8932
2018-03-14,3278,67388,58638,8750
2018-03-15,3242,66666,58349,8317
2018-03-16,2991,60415,52184,8231
2018-03-17,1631,30185,24972,5213
2018-03-18,1748,31949,26514,5435
2018-03-19,3323,62218,53636,8582
2018-03-20,3287,67482,58579,8903
2018-03-21,3334,69411,60451,8960
2018-03-22,3222,67902,58815,9087
2018-03-23,2955,61227,52970,8257
2018-03-24,1681,31475,26115,5360
2018-03-25,1813,31657,26491,5166
2018-03-26,3171,64322,55311,9011
2018-03-27,3194,69260,60237,9023
2018-03-28,3303,70007,60547,9460
2018-03-29,3107,64897,55635,9262
2018-03-30,2432,48272,41096,7176
2018-03-31,1531,29309,24392,4917
2018-04-01,1559,28738,23454,5284
2018-04-02,2531,50655,43776,6879
2018-04-03,3104,65591,56895,8696
2018-04-04,3296,68832,59632,9200
2018-04-05,3237,67439,58458,8981
2018-04-06,2889,60791,52241,8550
2018-04-07,1599,30331,25351,4980
2018-04-08,1635,30767,25675,5092
2018-04-09,2932,63293,54597,8696
2018-04-10,3145,67600,58839,8761
2018-04-11,3201,67903,59084,8819
2018-04-12,3087,67727,59178,8549
2018-04-13,2953,60173,52055,8118
2018-04-14,1622,29150,24529,4621
2018-04-15,1673,31084,25752,5332
2018-04-16,3032,63419,54539,8880
2018-04-17,3275,67315,58502,8813
2018-04-18,3200,67066,58152,8914
2018-04-19,3036,64936,56570,8366
2018-04-20,2824,58807,51116,7691
2018-04-21,1479,28253,23620,4633
2018-04-22,1628,29970,24907,5063
2018-04-23,3233,62205,53444,8761
2018-04-24,3093,66414,57729,8685
2018-04-25,2993,64163,55919,8244
2018-04-26,3136,64082,56118,7964
2018-04-27,2863,56098,48817,7281
2018-04-28,1489,28496,24057,4439
2018-04-29,1612,28407,23979,4428
2018-04-30,2722,52844,46203,6641
2018-05-01,2310,49122,42367,6755
2018-05-02,2997,59793,53010,6783
2018-05-03,3128,62619,55587,7032
2018-05-04,2828,57104,50357,6747
2018-05-05,1566,28246,23734,4512
2018-05-06,1607,29141,24583,4558
2018-05-07,2814,57304,49999,7305
2018-05-08,3030,61409,54193,7216
2018-05-09,2998,61576,54279,7297
2018-05-10,2864,58177,51244,6933
2018-05-11,2845,55989,49172,6817
2018-05-12,1556,28219,23825,4394
2018-05-13,1496,27648,23405,4243
2018-05-14,2979,59813,52067,7746
2018-05-15,2966,64597,56696,7901
2018-05-16,3028,65523,57809,7714
2018-05-17,3056,63923,56345,7578
2018-05-18,2853,57131,50222,6909
2018-05-19,1452,27376,23181,4195
2018-05-20,1555,27103,22776,4327
2018-05-21,2824,54044,47033,7011
2018-05-22,3040,63131,55383,7748
2018-05-23,3083,65152,57135,8017
2018-05-24,3202,64293,56319,7974
2018-05-25,2680,55607,48446,7161
2018-05-26,1421,26457,22198,4259
2018-05-27,1560,27526,23142,4384
2018-05-28,2717,50182,43752,6430
2018-05-29,2938,62599,54570,8029
2018-05-30,3071,64202,56459,7743
2018-05-31,2892,60160,52815,7345
2018-06-01,2713,54800,47819,6981
2018-06-02,1488,27025,22919,4106
2018-06-03,1507,28238,23502,4736
2018-06-04,2872,56476,48979,7497
2018-06-05,2927,63234,55436,7798
2018-06-06,2967,63311,55789,7522
2018-06-07,3047,63362,55692,7670
2018-06-08,2655,57118,49617,7501
2018-06-09,1456,27804,23486,4318
2018-06-10,1563,28139,23702,4437
2018-06-11,2838,57824,50074,7750
2018-06-12,2826,61657,54101,7556
2018-06-13,3019,62061,54858,7203
2018-06-14,2979,60647,53556,7091
2018-06-15,2483,51277,44854,6423
2018-06-16,1256,24553,20811,3742
2018-06-17,1397,24988,21308,3680
2018-06-18,2822,55634,48631,7003
2018-06-19,2860,60012,52960,7052
2018-06-20,2925,61627,54043,7584
2018-06-21,3039,60591,53397,7194
2018-06-22,2665,53573,46654,6919
2018-06-23,1322,25306,21247,4059
2018-06-24,1427,26206,22045,4161
2018-06-25,2846,55908,48361,7547
2018-06-26,2858,61140,53411,7729
2018-06-27,2874,60925,53602,7323
2018-06-28,2912,59865,52627,7238
2018-06-29,2583,54111,47217,6894
2018-06-30,1308,24408,20435,3973
2018-07-01,1275,25053,21258,3795
2018-07-02,2798,54119,47353,6766
2018-07-03,2745,59294,51836,7458
2018-07-04,2625,53943,46934,7009
2018-07-05,2921,60187,52793,7394
2018-07-06,2610,52930,46084,6846
2018-07-07,1325,24920,21014,3906
2018-07-08,1378,25709,21849,3860
2018-07-09,2845,57476,50172,7304
2018-07-10,2990,61293,54130,7163
2018-07-11,3004,62342,54780,7562
2018-07-12,3011,60750,53516,7234
2018-07-13,2775,54392,47816,6576
2018-07-14,1396,25148,21075,4073
2018-07-15,1358,24005,20167,3838
2018-07-16,2931,56846,49487,7359
2018-07-17,3126,62047,54384,7663
2018-07-18,3145,63764,55822,7942
2018-07-19,3043,62284,55002,7282
2018-07-20,2756,55709,48826,6883
2018-07-21,1356,26309,22100,4209
2018-07-22,1337,26554,22257,4297
2018-07-23,2906,58885,51140,7745
2018-07-24,3039,63771,55745,8026
2018-07-25,3020,62117,54432,7685
2018-07-26,3055,62295,54876,7419
2018-07-27,2624,54442,47391,7051
2018-07-28,1353,25922,21831,4091
2018-07-29,1433,26859,22762,4097
2018-07-30,2904,57713,50635,7078
2018-07-31,2905,61596,54639,6957
2018-08-01,2929,62270,54872,7398
2018-08-02,2870,60956,53687,7269
2018-08-03,2635,55254,47778,7476
2018-08-04,1294,25549,21512,4037
2018-08-05,1380,27102,23088,4014
2018-08-06,2818,55381,47910,7471
2018-08-07,3001,62206,54476,7730
2018-08-08,2943,64215,56520,7695
2018-08-09,2920,61071,53655,7416
2018-08-10,2665,55585,48541,7044
2018-08-11,1402,27607,23124,4483
2018-08-12,1486,27771,23770,4001
2018-08-13,3055,57562,50401,7161
2018-08-14,2860,61157,53579,7578
2018-08-15,2577,54569,48239,6330
2018-08-16,2954,59290,52481,6809
2018-08-17,2644,54565,47880,6685
2018-08-18,1417,26478,22489,3989
2018-08-19,1533,27359,23196,4163
2018-08-20,2672,56426,49146,7280
2018-08-21,2830,59784,52470,7314
2018-08-22,2813,59422,52667,6755
2018-08-23,3006,58471,51910,6561
2018-08-24,2736,53997,47457,6540
2018-08-25,1398,26077,22408,3669
2018-08-26,1364,26252,22713,3539
2018-08-27,2812,54104,47710,6394
2018-08-28,2950,62021,54902,7119
2018-08-29,3035,62517,55485,7032
2018-08-30,3007,61133,54112,7021
2018-08-31,2626,53410,47363,6047
2018-09-01,1411,25522,21807,3715
2018-09-02,1377,25942,22156,3786
2018-09-03,2400,47851,41547,6304
2018-09-04,2731,58813,52076,6737
2018-09-05,2884,60868,54083,6785
2018-09-06,2753,60509,53347,7162
2018-09-07,2626,53288,46731,6557
2018-09-08,1465,26826,22829,3997
2018-09-09,1440,26833,23114,3719
2018-09-10,2838,56481,49333,7148
2018-09-11,2785,60079,53168,6911
2018-09-12,2802,61877,54845,7032
2018-09-13,2759,58085,51340,6745
2018-09-14,2622,54659,48038,6621
2018-09-15,1345,26772,22579,4193
2018-09-16,1547,27608,23358,4250
2018-09-17,2780,56995,49976,7019
2018-09-18,2777,60696,53171,7525
2018-09-19,2939,61668,54270,7398
2018-09-20,2888,60412,53471,6941
2018-09-21,2671,53930,47310,6620
2018-09-22,1436,27358,23384,3974
2018-09-23,1527,27729,23411,4318
2018-09-24,2761,56226,48912,7314
2018-09-25,2869,60839,53519,7320
2018-09-26,2859,61326,54327,6999
2018-09-27,2808,59997,53336,6661
2018-09-28,2635,53651,47142,6509
2018-09-29,1371,26027,22235,3792
2018-09-30,1521,27264,23342,3922
2018-10-01,2707,55374,48298,7076
2018-10-02,2657,58277,51368,6909
2018-10-03,2879,60524,53348,7176
2018-10-04,2976,60435,53181,7254
2018-10-05,2565,55338,48372,6966
2018-10-06,1484,27423,23254,4169
2018-10-07,1438,27686,23462,4224
2018-10-08,2763,55775,48958,6817
2018-10-09,2854,61011,54093,6918
2018-10-10,2851,62156,54977,7179
2018-10-11,2989,61051,54013,7038
2018-10-12,2641,53999,46918,7081
2018-10-13,1447,26791,22749,4042
2018-10-14,1526,28063,23602,4461
2018-10-15,2791,56923,49634,7289
2018-10-16,2844,61740,54213,7527
2018-10-17,2936,63087,55582,7505
2018-10-18,2909,59317,52421,6896
2018-10-19,2634,52656,46320,6336
2018-10-20,1453,26945,22999,3946
2018-10-21,1539,27926,23653,4273
2018-10-22,2826,58311,51025,7286
2018-10-23,2999,62572,54869,7703
2018-10-24,2997,64122,56809,7313
2018-10-25,2988,61357,54529,6828
2018-10-26,2763,55432,48811,6621
2018-10-27,1405,27409,23248,4161
2018-10-28,1469,27732,23665,4067
2018-10-29,2929,58207,51015,7192
2018-10-30,2935,59939,52832,7107
2018-10-31,2830,59173,52193,6980
2018-11-01,2585,54908,48203,6705
2018-11-02,2461,51582,44890,6692
2018-11-03,1443,27449,23176,4273
2018-11-04,1585,27990,23830,4160
2018-11-05,2734,55398,48490,6908
2018-11-06,2902,59322,52202,7120
2018-11-07,2741,58162,51569,6593
2018-11-08,2856,59710,52929,6781
2018-11-09,2616,53697,47143,6554
2018-11-10,1494,27878,23513,4365
2018-11-11,1564,28823,24455,4368
2018-11-12,2750,56662,49784,6878
2018-11-13,2948,61679,54561,7118
2018-11-14,2919,63173,55780,7393
2018-11-15,2767,60495,53390,7105
2018-11-16,2563,54918,48064,6854
2018-11-17,1492,27613,23464,4149
2018-11-18,1563,28126,23791,4335
2018-11-19,2798,57115,50030,7085
2018-11-20,2776,61167,53774,7393
2018-11-21,2757,59342,52802,6540
2018-11-22,2593,51396,45198,6198
2018-11-23,2229,45169,39653,5516
2018-11-24,1430,26104,22234,3870
2018-11-25,1525,27891,24043,3848
2018-11-26,2825,57784,50830,6954
2018-11-27,2943,62259,55273,6986
2018-11-28,2921,64005,56387,7618
2018-11-29,2916,61545,54415,7130
2018-11-30,2552,54527,47863,6664
2018-12-01,1452,27315,23379,3936
2018-12-02,1537,27979,23938,4041
2018-12-03,2828,56200,49680,6520
2018-12-04,2929,61280,54533,6747
2018-12-05,2835,61421,54728,6693
2018-12-06,2796,59273,52583,6690
2018-12-07,2498,52476,46213,6263
2018-12-08,1509,27395,23218,4177
2018-12-09,1501,27793,23720,4073
2018-12-10,2706,56853,50197,6656
2018-12-11,2870,59762,52988,6774
2018-12-12,2894,62498,55430,7068
2018-12-13,2875,60759,53389,7370
2018-12-14,2551,54314,47521,6793
2018-12-15,1348,26791,22893,3898
2018-12-16,1478,27729,23621,4108
2018-12-17,2820,57834,50588,7246
2018-12-18,2748,60086,53190,6896
2018-12-19,2725,59763,52874,6889
2018-12-20,2532,56382,49928,6454
2018-12-21,2176,47240,41506,5734
2018-12-22,1187,24904,21128,3776
2018-12-23,1206,24422,20757,3665
2018-12-24,1552,32174,27651,4523
2018-12-25,1161,26032,22129,3903
2018-12-26,1778,37434,32627,4807
2018-12-27,2187,45012,38998,6014
2018-12-28,1938,41659,36435,5224
2018-12-29,1300,27065,23150,3915
2018-12-30,1316,26023,22314,3709
2018-12-31,1598,32232,27934,4298
2019-01-01,1215,25289,21684,3605
2019-01-02,2347,51348,44926,6422
2019-01-03,2501,56706,50239,6467
2019-01-04,2498,54445,48262,6183
2019-01-05,1478,28833,24677,4156
2019-01-06,1454,29331,24985,4346
2019-01-07,2596,56271,49542,6729
2019-01-08,2759,62757,55727,7030
2019-01-09,2813,63676,56701,6975
2019-01-10,2705,63358,56443,6915
2019-01-11,2664,57727,51171,6556
2019-01-12,1392,27966,23931,4035
2019-01-13,1453,29270,25435,3835
2019-01-14,2622,58113,51644,6469
2019-01-15,2702,61075,54844,6231
2019-01-16,2826,63746,56496,7250
2019-01-17,2847,62344,55723,6621
2019-01-18,2647,56990,50651,6339
2019-01-19,1427,28054,24320,3734
2019-01-20,1545,28858,25155,3703
2019-01-21,2658,56216,50236,5980
2019-01-22,2843,63766,57214,6552
2019-01-23,2924,62876,56758,6118
2019-01-24,2993,64041,57307,6734
2019-01-25,2590,58122,52104,6018
2019-01-26,1441,28868,24688,4180
2019-01-27,1501,30364,26313,4051
2019-01-28,2821,59347,52930,6417
2019-01-29,2901,65809,59060,6749
2019-01-30,2966,64672,57899,6773
2019-01-31,2823,63923,57280,6643
2019-02-01,2742,57291,50996,6295
2019-02-02,1528,29399,25265,4134
2019-02-03,1529,29438,25566,3872
2019-02-04,2699,58151,51642,6509
2019-02-05,2864,63367,56553,6814
2019-02-06,2907,63896,57161,6735
2019-02-07,2916,64144,57458,6686
2019-02-08,2671,57804,51820,5984
2019-02-09,1546,29574,25783,3791
2019-02-10,1597,30602,26789,3813
2019-02-11,2968,60955,54377,6578
2019-02-12,3008,65578,59045,6533
2019-02-13,3058,66974,60039,6935
2019-02-14,2939,63084,56604,6480
2019-02-15,2727,58349,51865,6484
2019-02-16,1463,29669,25821,3848
2019-02-17,1579,30551,26634,3917
2019-02-18,2885,58183,51899,6284
2019-02-19,2972,65574,58703,6871
2019-02-20,3099,67073,60038,7035
2019-02-21,3149,67168,60339,6829
2019-02-22,2752,60206,53623,6583
2019-02-23,1657,30571,26540,4031
2019-02-24,1651,31222,27254,3968
2019-02-25,2868,61965,55572,6393
2019-02-26,2865,65157,58506,6651
2019-02-27,3123,66181,59473,6708
2019-02-28,3048,63876,57329,6547
2019-03-01,2682,57199,51193,6006
2019-03-02,1519,29893,25917,3976
2019-03-03,1640,30820,26576,4244
2019-03-04,2942,60014,53538,6476
2019-03-05,2992,64687,57863,6824
2019-03-06,3125,67021,60148,6873
2019-03-07,3079,65747,59208,6539
2019-03-08,2740,56724,50527,6197
2019-03-09,1550,30554,26273,4281
2019-03-10,1636,30754,26816,3938
2019-03-11,2992,61658,54950,6708
2019-03-12,3098,67912,60631,7281
2019-03-13,3025,68198,61236,6962
2019-03-14,3048,67131,59883,7248
2019-03-15,2807,59061,52246,6815
2019-03-16,1611,30732,26438,4294
2019-03-17,1672,30862,26767,4095
2019-03-18,2877,61256,54133,7123
2019-03-19,2950,65888,58445,7443
2019-03-20,3007,64716,57855,6861
2019-03-21,2926,60551,54322,6229
2019-03-22,2772,56888,50529,6359
2019-03-23,1540,28367,24601,3766
2019-03-24,1604,29254,25153,4101
2019-03-25,2938,61109,54104,7005
2019-03-26,2941,65432,58362,7070
2019-03-27,3019,65540,58642,6898
2019-03-28,2972,64466,57227,7239
2019-03-29,2788,57773,51325,6448
2019-03-30,1468,27735,24027,3708
2019-03-31,1546,26777,22776,4001
2019-04-01,2770,54752,48101,6651
2019-04-02,2869,62762,55559,7203
2019-04-03,3004,64691,57868,6823
2019-04-04,3005,64864,57468,7396
2019-04-05,2687,57322,50803,6519
2019-04-06,1482,28205,24197,4008
2019-04-07,1540,29557,25550,4007
2019-04-08,2882,61129,54608,6521
2019-04-09,2926,64044,57382,6662
2019-04-10,2851,64886,58416,6470
2019-04-11,2920,63756,57200,6556
2019-04-12,2690,57073,50774,6299
2019-04-13,1538,28708,24490,4218
2019-04-14,1577,29151,24943,4208
2019-04-15,2808,57304,51045,6259
2019-04-16,2989,62694,55901,6793
2019-04-17,2920,61966,54926,7040
2019-04-18,2676,57884,51206,6678
2019-04-19,2065,43258,38142,5116
2019-04-20,1377,27132,23072,4060
2019-04-21,1356,25828,22163,3665
2019-04-22,2268,46196,40437,5759
2019-04-23,2664,60089,53439,6650
2019-04-24,2798,61622,54739,6883
2019-04-25,2859,59943,53500,6443
2019-04-26,2610,53188,46891,6297
2019-04-27,1449,26857,23143,3714
2019-04-28,1498,28251,24205,4046
2019-04-29,2667,54625,48479,6146
2019-04-30,2616,57817,51297,6520
2019-05-01,2200,46388,40919,5469
2019-05-02,2637,55937,49704,6233
2019-05-03,2507,53263,46892,6371
2019-05-04,1361,26835,22928,3907
2019-05-05,1422,27485,23697,3788
2019-05-06,2572,53407,47541,5866
2019-05-07,2613,60259,53762,6497
2019-05-08,2849,59673,53465,6208
2019-05-09,2805,59004,52593,6411
2019-05-10,2528,53797,48014,5783
2019-05-11,1339,26078,22556,3522
2019-05-12,1463,26570,23079,3491
2019-05-13,2704,56757,50371,6386
2019-05-14,2844,61841,55211,6630
2019-05-15,2741,61939,55563,6376
2019-05-16,2886,60536,54159,6377
2019-05-17,2538,53887,47938,5949
2019-05-18,1341,25226,21743,3483
2019-05-19,1466,27172,23311,3861
2019-05-20,2644,54603,48717,5886
2019-05-21,2721,59833,53945,5888
2019-05-22,2653,61013,54992,6021
2019-05-23,2652,58747,52918,5829
2019-05-24,2511,52754,47123,5631
2019-05-25,1283,25365,22121,3244
2019-05-26,1358,25411,22055,3356
2019-05-27,2318,47475,42398,5077
2019-05-28,2831,59518,53341,6177
2019-05-29,2740,59620,53435,6185
2019-05-30,2441,53922,48477,5445
2019-05-31,2441,49668,44477,5191
2019-06-01,1257,24356,21139,3217
2019-06-02,1324,24629,21361,3268
2019-06-03,2545,52795,47404,5391
2019-06-04,2492,57271,51478,5793
2019-06-05,2553,55488,49774,5714
2019-06-06,2623,56069,50339,5730
2019-06-07,2475,50992,45353,5639
2019-06-08,1272,24022,20497,3525
2019-06-09,1182,24813,21318,3495
2019-06-10,2431,50938,44947,5991
2019-06-11,2675,58934,52187,6747
2019-06-12,2749,59441,53086,6355
2019-06-13,2741,58455,52457,5998
2019-06-14,2467,52766,46579,6187
2019-06-15,1226,24537,21193,3344
2019-06-16,1314,24902,21458,3444
2019-06-17,2700,54767,48512,6255
2019-06-18,2731,60714,54236,6478
2019-06-19,2903,60855,54618,6237
2019-06-20,2656,55883,49924,5959
2019-06-21,2442,51269,45682,5587
2019-06-22,1251,25058,21638,3420
2019-06-23,1336,25680,22325,3355
2019-06-24,2590,54201,47949,6252
2019-06-25,2655,59523,53231,6292
2019-06-26,2732,60342,53941,6401
2019-06-27,2685,58357,52431,5926
2019-06-28,2317,50289,44957,5332
2019-06-29,1147,23419,20205,3214
2019-06-30,1215,24127,21132,2995
2019-07-01,2427,52288,46332,5956
2019-07-02,2671,57664,51552,6112
2019-07-03,2544,57271,51324,5947
2019-07-04,2304,49504,44299,5205
2019-07-05,2190,46856,41483,5373
2019-07-06,1218,23815,20457,3358
2019-07-07,1380,25191,21641,3550
2019-07-08,2655,54893,49034,5859
2019-07-09,2673,58021,52228,5793
2019-07-10,2666,58860,52920,5940
2019-07-11,2709,58040,51892,6148
2019-07-12,2463,51377,45847,5530
2019-07-13,1220,23638,20352,3286
2019-07-14,1282,24942,21464,3478
2019-07-15,2551,53770,47832,5938
2019-07-16,2719,58117,52170,5947
2019-07-17,2737,59168,52884,6284
2019-07-18,2750,57530,51565,5965
2019-07-19,2453,51973,46189,5784
2019-07-20,1352,25189,21652,3537
2019-07-21,1335,25331,21882,3449
2019-07-22,2686,54844,48696,6148
2019-07-23,2737,60244,53840,6404
2019-07-24,2819,59549,53453,6096
2019-07-25,2825,57692,51883,5809
2019-07-26,2543,50427,45045,5382
2019-07-27,1284,24297,21082,3215
2019-07-28,1308,25919,22348,3571
2019-07-29,2789,55617,49610,6007
2019-07-30,2726,56989,50941,6048
2019-07-31,2886,58995,52931,6064
2019-08-01,2656,56364,50504,5860
2019-08-02,2454,50163,44576,5587
2019-08-03,1201,24567,21142,3425
2019-08-04,1317,25312,21855,3457
2019-08-05,2557,53363,47029,6334
2019-08-06,2621,58584,52330,6254
2019-08-07,2674,58241,52319,5922
2019-08-08,2776,57323,51364,5959
2019-08-09,2399,50434,44951,5483
2019-08-10,1241,24551,21108,3443
2019-08-11,1214,24078,20903,3175
2019-08-12,2428,50150,44769,5381
2019-08-13,2732,56908,51157,5751
2019-08-14,2600,56135,50211,5924
2019-08-15,2259,48350,43223,5127
2019-08-16,2272,48403,43027,5376
2019-08-17,1195,24793,21248,3545
2019-08-18,1340,25998,22453,3545
2019-08-19,2476,53110,47073,6037
2019-08-20,2698,57144,51288,5856
2019-08-21,2617,57787,51586,6201
2019-08-22,2655,57237,51249,5988
2019-08-23,2335,51004,45448,5556
2019-08-24,1186,24354,20700,3654
2019-08-25,1250,24838,21542,3296
2019-08-26,2457,52718,46810,5908
2019-08-27,2512,57982,52004,5978
2019-08-28,2570,58458,52438,6020
2019-08-29,2602,57511,51528,5983
2019-08-30,2305,50073,44601,5472
2019-08-31,1168,24153,20708,3445
2019-09-01,1229,24842,21418,3424
2019-09-02,2036,44844,39474,5370
2019-09-03,2515,55491,49541,5950
2019-09-04,2531,57123,51243,5880
2019-09-05,2592,56788,51059,5729
2019-09-06,2236,50408,45094,5314
2019-09-07,1215,24606,21078,3528
2019-09-08,1347,25474,21997,3477
2019-09-09,2486,53136,47073,6063
2019-09-10,2491,56051,50311,5740
2019-09-11,2543,56836,50938,5898
2019-09-12,2560,56728,50657,6071
2019-09-13,2311,49691,44085,5606
2019-09-14,1263,24629,20991,3638
2019-09-15,1285,25703,21913,3790
2019-09-16,2493,54266,47778,6488
2019-09-17,2560,57775,51245,6530
2019-09-18,2651,58218,51892,6326
2019-09-19,2652,55218,49201,6017
2019-09-20,2359,49738,43953,5785
2019-09-21,1256,24319,20843,3476
2019-09-22,1332,25500,21895,3605
2019-09-23,2681,54437,47931,6506
2019-09-24,2612,58142,51905,6237
2019-09-25,2697,58492,52008,6484
2019-09-26,2646,56665,50062,6603
2019-09-27,2348,50073,44402,5671
2019-09-28,1242,24838,21334,3504
2019-09-29,1364,26046,22450,3596
2019-09-30,2605,51575,45752,5823
2019-10-01,2539,54512,48874,5638
2019-10-02,2518,54624,48848,5776
2019-10-03,2481,53602,47959,5643
2019-10-04,2315,50021,44672,5349
2019-10-05,1281,24647,21312,3335
2019-10-06,1317,25954,22579,3375
2019-10-07,2475,52530,46773,5757
2019-10-08,2505,55186,49669,5517
2019-10-09,2724,57826,51813,6013
2019-10-10,2600,57112,51297,5815
2019-10-11,2490,52047,46596,5451
2019-10-12,1444,25589,22208,3381
2019-10-13,1453,25253,21828,3425
2019-10-14,2577,50688,45267,5421
2019-10-15,2818,57336,51764,5572
2019-10-16,2772,58994,53555,5439
2019-10-17,2943,57741,52398,5343
2019-10-18,2507,51641,46404,5237
2019-10-19,1463,24832,21733,3099
2019-10-20,1423,25373,22029,3344
2019-10-21,2558,52948,47568,5380
2019-10-22,2669,57245,51655,5590
2019-10-23,2809,57522,52200,5322
2019-10-24,2557,56259,50452,5807
2019-10-25,2394,49553,44358,5195
2019-10-26,1274,24047,20683,3364
2019-10-27,1304,24806,21609,3197
2019-10-28,2422,50124,45159,4965
2019-10-29,2609,55247,49940,5307
2019-10-30,2723,57400,51960,5440
2019-10-31,2581,53534,48227,5307
2019-11-01,2059,44043,39241,4802
2019-11-02,1319,25766,22053,3713
2019-11-03,1430,27269,23751,3518
2019-11-04,2604,53695,47940,5755
2019-11-05,2717,58445,52403,6042
2019-11-06,2773,59479,53373,6106
2019-11-07,2643,57986,52068,5918
2019-11-08,2480,52205,46442,5763
2019-11-09,1360,25642,22160,3482
2019-11-10,1437,26306,22594,3712
2019-11-11,2540,51006,45069,5937
2019-11-12,2564,57299,51086,6213
2019-11-13,2795,59430,53170,6260
2019-11-14,3200,63186,56331,6855
2019-11-15,2726,55224,48752,6472
2019-11-16,1523,27974,23951,4023
2019-11-17,1555,28048,24080,3968
2019-11-18,2927,59174,52359,6815
2019-11-19,3109,63346,56553,6793
2019-11-20,3015,65052,58221,6831
2019-11-21,3120,64005,56953,7052
2019-11-22,2738,56528,49946,6582
2019-11-23,1469,27802,23868,3934
2019-11-24,1626,29113,25253,3860
2019-11-25,2852,58530,51734,6796
2019-11-26,2830,61949,55090,6859
2019-11-27,2757,59619,52987,6632
2019-11-28,2459,52723,46703,6020
2019-11-29,2192,45537,39970,5567
2019-11-30,1319,25736,21875,3861
2019-12-01,1489,27308,23279,4029
2019-12-02,2672,56380,49894,6486
2019-12-03,2848,61173,54511,6662
2019-12-04,2807,61364,54863,6501
2019-12-05,2747,59595,53041,6554
2019-12-06,2562,52935,46969,5966
2019-12-07,1312,26943,23269,3674
2019-12-08,1429,28028,23934,4094
2019-12-09,2643,56244,49627,6617
2019-12-10,2627,61630,54795,6835
2019-12-11,2638,60614,54136,6478
2019-12-12,2797,58514,51815,6699
2019-12-13,2357,52929,46218,6711
2019-12-14,1293,26599,22708,3891
2019-12-15,1310,27176,23574,3602
2019-12-16,2604,55262,48931,6331
2019-12-17,2716,59123,52557,6566
2019-12-18,2614,57933,51701,6232
2019-12-19,2407,53595,47499,6096
2019-12-20,2108,45449,40438,5011
2019-12-21,1250,23915,20389,3526
2019-12-22,1216,24332,21058,3274
2019-12-23,2076,41701,36884,4817
2019-12-24,1646,34308,30076,4232
2019-12-25,1196,25892,22536,3356
2019-12-26,1683,35956,31287,4669
2019-12-27,1822,38048,33336,4712
2019-12-28,1276,25851,22198,3653
2019-12-29,1301,26099,22627,3472
2019-12-30,1995,42532,37517,5015
2019-12-31,1643,34683,30730,3953
2020-01-01,1235,24286,21163,3123
2020-01-02,2176,47114,41990,5124
2020-01-03,2200,47615,42191,5424
2020-01-04,1372,27610,23945,3665
2020-01-05,1440,27952,24217,3735
2020-01-06,2319,49433,43992,5441
2020-01-07,2543,56369,50462,5907
2020-01-08,2539,57899,51829,6070
2020-01-09,2699,59232,53305,5927
2020-01-10,2485,52573,47271,5302
2020-01-11,1382,26557,23148,3409
2020-01-12,1407,27794,24496,3298
2020-01-13,2605,55226,49353,5873
2020-01-14,2551,58318,52708,5610
2020-01-15,2524,58107,52478,5629
2020-01-16,2671,59700,53613,6087
2020-01-17,2545,54452,49042,5410
2020-01-18,1406,27676,24012,3664
2020-01-19,1470,28218,24704,3514
2020-01-20,2594,54062,48245,5817
2020-01-21,2745,59594,53448,6146
2020-01-22,2738,61710,55693,6017
2020-01-23,2774,60121,53975,6146
2020-01-24,2390,52711,46889,5822
2020-01-25,1355,26626,23214,3412
2020-01-26,1394,27159,23900,3259
2020-01-27,2578,54807,49226,5581
2020-01-28,2699,58858,52827,6031
2020-01-29,2779,58344,52459,5885
2020-01-30,2718,58215,52426,5789
2020-01-31,2455,51837,46481,5356
2020-02-01,1343,27032,23505,3527
2020-02-02,1457,27796,24272,3524
2020-02-03,2592,53359,47540,5819
2020-02-04,2720,58692,52724,5968
2020-02-05,2743,60309,54414,5895
2020-02-06,2741,59433,53700,5733
2020-02-07,2550,53281,47822,5459
2020-02-08,1408,27655,24005,3650
2020-02-09,1500,28996,25358,3638
2020-02-10,2734,55730,49846,5884
2020-02-11,2782,60273,54047,6226
2020-02-12,2829,61575,55324,6251
2020-02-13,2837,60305,54146,6159
2020-02-14,2501,52388,47006,5382
2020-02-15,1355,26377,22991,3386
2020-02-16,1424,28874,25271,3603
2020-02-17,2646,54083,48046,6037
2020-02-18,2856,61129,54419,6710
2020-02-19,2917,61447,55010,6437
2020-02-20,2837,59235,53057,6178
2020-02-21,2559,53002,47220,5782
2020-02-22,1468,27758,24037,3721
2020-02-23,1538,27746,24133,3613
2020-02-24,2682,53002,47242,5760
2020-02-25,2844,59352,53214,6138
2020-02-26,2926,59597,53416,6181
2020-02-27,2756,57592,51469,6123
2020-02-28,2539,50932,45321,5611
2020-02-29,1457,26733,23284,3449
2020-03-01,1511,28073,24390,3683
2020-03-02,2721,53564,47907,5657
2020-03-03,2623,58362,52316,6046
2020-03-04,2808,59155,53053,6102
2020-03-05,2790,58389,52014,6375
2020-03-06,2561,51902,46332,5570
2020-03-07,1444,27517,23701,3816
2020-03-08,1498,27944,24039,3905
2020-03-09,2525,51627,45730,5897
2020-03-10,2612,54904,49218,5686
2020-03-11,2625,56891,50660,6231
2020-03-12,2464,52751,46652,6099
2020-03-13,2261,46698,41418,5280
2020-03-14,1425,27329,23530,3799
2020-03-15,1519,29116,25118,3998
2020-03-16,2271,45813,40548,5265
2020-03-17,2321,49619,44053,5566
2020-03-18,2483,50380,44954,5426
2020-03-19,2389,50415,45098,5317
2020-03-20,2247,46069,41067,5002
2020-03-21,1642,30655,26523,4132
2020-03-22,1738,32075,28082,3993
2020-03-23,2477,48660,43521,5139
2020-03-24,2502,51326,46066,5260
2020-03-25,2653,54100,48461,5639
2020-03-26,2605,54011,48571,5440
2020-03-27,2479,50426,45026,5400
2020-03-28,1810,32840,28659,4181
2020-03-29,2035,36364,32050,4314
2020-03-30,2834,54835,49034,5801
2020-03-31,3111,58072,52296,5776
2020-04-01,2994,58491,52492,5999
2020-04-02,3151,58614,52733,5881
2020-04-03,2854,54585,48869,5716
2020-04-04,2006,37050,32436,4614
2020-04-05,2234,38765,34100,4665
2020-04-06,2976,56243,50298,5945
2020-04-07,3038,59382,53324,6058
2020-04-08,3002,59478,53652,5826
2020-04-09,3034,56761,51008,5753
2020-04-10,2723,49695,44152,5543
2020-04-11,2151,38262,33556,4706
2020-04-12,2203,38203,33482,4721
2020-04-13,2832,52390,46448,5942
2020-04-14,3120,59685,53678,6007
2020-04-15,3182,60747,54820,5927
2020-04-16,3132,61321,55236,6085
2020-04-17,3015,57587,52067,5520
2020-04-18,2259,39892,34929,4963
2020-04-19,2333,39398,34682,4716
2020-04-20,3088,58624,52621,6003
2020-04-21,3173,60134,54119,6015
2020-04-22,3250,62248,56304,5944
2020-04-23,3241,61625,55559,6066
2020-04-24,2986,55689,50276,5413
2020-04-25,2246,38611,34062,4549
2020-04-26,2408,39910,35328,4582
2020-04-27,3231,58737,52601,6136
2020-04-28,3242,61121,55024,6097
2020-04-29,3281,61517,55380,6137
2020-04-30,3166,59131,53107,6024
2020-05-01,2652,48700,43401,5299
2020-05-02,2255,39312,34176,5136
2020-05-03,2300,38944,34117,4827
2020-05-04,3153,56806,50349,6457
2020-05-05,3288,62223,55999,6224
2020-05-06,3296,64622,58330,6292
2020-05-07,3232,63053,56801,6252
2020-05-08,2993,56804,50687,6117
2020-05-09,2184,39674,34459,5215
2020-05-10,2363,39771,34848,4923
2020-05-11,3180,60286,54133,6153
2020-05-12,3341,64890,58448,6442
2020-05-13,3384,65275,58437,6838
2020-05-14,3402,64559,58288,6271
2020-05-15,3087,58779,53089,5690
2020-05-16,2198,38274,33559,4715
2020-05-17,2224,39497,34553,4944
2020-05-18,3093,59661,53361,6300
2020-05-19,3214,63532,57229,6303
2020-05-20,3320,63165,57094,6071
2020-05-21,3152,58778,53029,5749
2020-05-22,2944,55985,49963,6022
2020-05-23,2123,38225,33464,4761
2020-05-24,2155,37539,32823,4716
2020-05-25,2839,52657,46891,5766
2020-05-26,3144,60764,54542,6222
2020-05-27,3255,61687,55665,6022
2020-05-28,3263,62130,55827,6303
2020-05-29,2883,56294,50534,5760
2020-05-30,2014,36046,31315,4731
2020-05-31,2137,35998,31482,4516
2020-06-01,2823,52704,47243,5461
2020-06-02,2996,59281,53533,5748
2020-06-03,3215,61900,55798,6102
2020-06-04,3200,62190,55778,6412
2020-06-05,2954,57972,51970,6002
2020-06-06,2063,35995,31449,4546
2020-06-07,1994,36237,31859,4378
2020-06-08,3020,58247,52026,6221
2020-06-09,3047,60708,54365,6343
2020-06-10,3179,62240,55632,6608
2020-06-11,3042,59961,53485,6476
2020-06-12,2813,53474,47750,5724
2020-06-13,1897,34407,29857,4550
2020-06-14,1944,35044,30617,4427
2020-06-15,3225,56948,50556,6392
2020-06-16,3056,60858,54924,5934
2020-06-17,3073,60929,54952,5977
2020-06-18,3194,61964,56045,5919
2020-06-19,2858,54423,48835,5588
2020-06-20,1905,33740,29496,4244
2020-06-21,1926,34056,29516,4540
2020-06-22,2854,57124,50323,6801
2020-06-23,2936,60113,53526,6587
2020-06-24,2963,60207,54003,6204
2020-06-25,2893,58214,52049,6165
2020-06-26,2660,52632,46891,5741
2020-06-27,1799,32343,27867,4476
2020-06-28,1863,34624,29806,4818
2020-06-29,2964,56026,49672,6354
2020-06-30,2944,57317,51488,5829
2020-07-01,2773,56247,50384,5863
2020-07-02,2733,56308,50068,6240
2020-07-03,2460,48432,43008,5424
2020-07-04,1697,31627,26984,4643
2020-07-05,1798,31863,27356,4507
2020-07-06,2802,54215,48140,6075
2020-07-07,2911,58151,51875,6276
2020-07-08,2909,58742,52479,6263
2020-07-09,2858,58625,51929,6696
2020-07-10,2744,52052,46060,5992
2020-07-11,1707,31973,27287,4686
2020-07-12,1771,32340,27079,5261
2020-07-13,2857,53391,46911,6480
2020-07-14,2958,57787,51149,6638
2020-07-15,2822,58183,51394,6789
2020-07-16,2903,57939,51281,6658
2020-07-17,2645,52817,46665,6152
2020-07-18,1742,31353,26520,4833
2020-07-19,1776,33209,27994,5215
2020-07-20,2855,54144,47850,6294
2020-07-21,2872,57600,51243,6357
2020-07-22,2974,59025,52337,6688
2020-07-23,2947,58309,51803,6506
2020-07-24,2614,51280,45086,6194
2020-07-25,1720,31368,26683,4685
2020-07-26,1817,33210,28351,4859
2020-07-27,2868,53966,47435,6531
2020-07-28,2854,58585,51546,7039
2020-07-29,2791,57641,50791,6850
2020-07-30,2812,54674,48685,5989
2020-07-31,2465,48105,42168,5937
2020-08-01,1516,28310,24004,4306
2020-08-02,1705,30449,25962,4487
2020-08-03,2587,49667,43697,5970
2020-08-04,2692,54731,48502,6229
2020-08-05,2742,54844,48693,6151
2020-08-06,2686,54720,48338,6382
2020-08-07,2589,49525,43566,5959
2020-08-08,1530,28987,24594,4393
2020-08-09,1631,30754,26254,4500
2020-08-10,2646,51361,45298,6063
2020-08-11,2735,55546,48944,6602
2020-08-12,2597,55643,49299,6344
2020-08-13,2665,55622,49184,6438
2020-08-14,2432,49788,43773,6015
2020-08-15,1552,29315,24594,4721
2020-08-16,1609,31323,26538,4785
2020-08-17,2647,51525,45049,6476
2020-08-18,2749,55654,49056,6598
2020-08-19,2644,56324,49997,6327
2020-08-20,2682,54555,48185,6370
2020-08-21,2412,49789,43640,6149
2020-08-22,1581,29680,25169,4511
2020-08-23,1696,30480,26145,4335
2020-08-24,2552,51260,45016,6244
2020-08-25,2770,56403,49815,6588
2020-08-26,2768,57075,50869,6206
2020-08-27,2601,54560,48582,5978
2020-08-28,2418,49401,43716,5685
2020-08-29,1567,29540,25093,4447
2020-08-30,1572,29237,25279,3958
2020-08-31,2479,49621,43717,5904
2020-09-01,2549,53639,47481,6158
2020-09-02,2609,55336,49056,6280
2020-09-03,2588,55453,49260,6193
2020-09-04,2368,49603,43755,5848
2020-09-05,1457,29379,24948,4431
2020-09-06,1567,28657,24310,4347
2020-09-07,2286,46523,40571,5952
2020-09-08,2635,54395,48275,6120
2020-09-09,2621,55977,49406,6571
2020-09-10,2472,55008,48725,6283
2020-09-11,2404,50309,44243,6066
2020-09-12,1494,29644,25129,4515
2020-09-13,1560,30388,25802,4586
2020-09-14,2505,51331,45081,6250
2020-09-15,2569,55457,48966,6491
2020-09-16,2572,54822,48510,6312
2020-09-17,2585,55193,48934,6259
2020-09-18,2310,49932,43869,6063
2020-09-19,1433,27957,23703,4254
2020-09-20,1512,29097,24642,4455
2020-09-21,2460,50636,44606,6030
2020-09-22,2529,54922,48654,6268
2020-09-23,2662,56995,50457,6538
2020-09-24,2648,55447,49090,6357
2020-09-25,2355,50009,44111,5898
2020-09-26,1507,29860,25217,4643
2020-09-27,1512,30510,26066,4444
2020-09-28,2499,52111,45973,6138
2020-09-29,2553,57332,50852,6480
2020-09-30,2542,54933,49084,5849
2020-10-01,2575,53617,47742,5875
2020-10-02,2069,48491,43019,5472
2020-10-03,1458,29287,25071,4216
2020-10-04,1591,31047,26766,4281
2020-10-05,2577,52897,46714,6183
2020-10-06,2439,55637,49219,6418
2020-10-07,2576,57359,50793,6566
2020-10-08,2490,55168,48871,6297
2020-10-09,2383,50727,44764,5963
2020-10-10,1423,29870,25533,4337
2020-10-11,1477,30516,26063,4453
2020-10-12,2473,50515,44473,6042
2020-10-13,2621,54662,48452,6210
2020-10-14,2555,56349,50173,6176
2020-10-15,2569,56612,49883,6729
2020-10-16,2389,50413,44692,5721
2020-10-17,1489,30218,25682,4536
2020-10-18,1590,30835,26435,4400
2020-10-19,2462,52854,46761,6093
2020-10-20,2630,57098,50636,6462
2020-10-21,2571,57775,51202,6573
2020-10-22,2581,56378,50173,6205
2020-10-23,2374,49806,44155,5651
2020-10-24,1415,29623,25369,4254
2020-10-25,1473,29904,25717,4187
2020-10-26,2447,51755,46003,5752
2020-10-27,2613,56706,50251,6455
2020-10-28,2658,55883,49945,5938
2020-10-29,2488,55138,48870,6268
2020-10-30,2335,49181,43492,5689
2020-10-31,1425,28239,24671,3568
2020-11-01,1571,30301,26246,4055
2020-11-02,2431,50800,45035,5765
2020-11-03,2490,53784,47827,5957
2020-11-04,2415,51547,45680,5867
2020-11-05,2463,54098,48018,6080
2020-11-06,2309,47851,42337,5514
2020-11-07,1448,28450,24451,3999
2020-11-08,1480,30022,25686,4336
2020-11-09,2417,51520,45487,6033
2020-11-10,2488,54627,48953,5674
2020-11-11,2405,54330,48585,5745
2020-11-12,2551,55038,48890,6148
2020-11-13,2261,49646,43641,6005
2020-11-14,1459,29293,25236,4057
2020-11-15,1589,31049,26958,4091
2020-11-16,2406,51670,45878,5792
2020-11-17,2510,55708,49464,6244
2020-11-18,2627,56236,50259,5977
2020-11-19,2690,57515,51197,6318
2020-11-20,2370,49923,44540,5383
2020-11-21,1595,31345,26948,4397
2020-11-22,1710,32476,28129,4347
2020-11-23,2622,52726,46620,6106
2020-11-24,2633,56405,50030,6375
2020-11-25,2613,55796,49652,6144
2020-11-26,2265,50137,44660,5477
2020-11-27,2117,44209,38820,5389
2020-11-28,1532,30166,25824,4342
2020-11-29,1627,31197,26949,4248
2020-11-30,2407,52593,46441,6152
2020-12-01,2510,55891,49455,6436
2020-12-02,2585,56383,50453,5930
2020-12-03,2603,55704,49544,6160
2020-12-04,2267,51277,45451,5826
2020-12-05,1433,31143,26660,4483
2020-12-06,1656,32231,27952,4279
2020-12-07,2470,52495,46420,6075
2020-12-08,2578,54363,48506,5857
2020-12-09,2565,56716,50185,6531
2020-12-10,2343,54098,47659,6439
2020-12-11,2393,49532,43504,6028
2020-12-12,1500,30446,26009,4437
2020-12-13,1634,31170,26838,4332
2020-12-14,2375,51901,45460,6441
2020-12-15,2519,56156,49832,6324
2020-12-16,2491,55783,49346,6437
2020-12-17,2466,54576,48480,6096
2020-12-18,2354,47944,42076,5868
2020-12-19,1465,30035,25691,4344
2020-12-20,1565,30642,26073,4569
2020-12-21,2271,48267,42316,5951
2020-12-22,2270,50346,44156,6190
2020-12-23,2102,47296,41670,5626
2020-12-24,1672,36488,31427,5061
2020-12-25,1235,26066,22148,3918
2020-12-26,1349,27770,23093,4677
2020-12-27,1441,30189,25805,4384
2020-12-28,2011,44598,38742,5856
2020-12-29,2102,47408,41299,6109
2020-12-30,2243,45559,39963,5596
2020-12-31,1737,34877,30449,4428
2021-01-01,1209,26544,22441,4103
2021-01-02,1531,31191,26733,4458
2021-01-03,1600,32189,27799,4390
2021-01-04,2310,50336,44364,5972
2021-01-05,2505,54284,48149,6135
2021-01-06,2319,51315,45601,5714
2021-01-07,2412,51638,45445,6193
2021-01-08,2283,50555,44858,5697
2021-01-09,1550,31438,26735,4703
2021-01-10,1654,32240,27490,4750
2021-01-11,2539,51641,45511,6130
2021-01-12,2545,56172,49575,6597
2021-01-13,2505,57293,51033,6260
2021-01-14,2429,56005,49748,6257
2021-01-15,2391,51396,45720,5676
2021-01-16,1556,31770,26930,4840
2021-01-17,1616,32740,27966,4774
2021-01-18,2458,51728,45787,5941
2021-01-19,2521,56273,49765,6508
2021-01-20,2488,56802,50398,6404
2021-01-21,2581,57266,51124,6142
2021-01-22,2429,52528,46867,5661
2021-01-23,1603,32734,28182,4552
2021-01-24,1646,33859,29232,4627
2021-01-25,2567,54405,48306,6099
2021-01-26,2526,56408,50359,6049
2021-01-27,2608,58511,52395,6116
2021-01-28,2425,56786,50581,6205
2021-01-29,2249,51391,45677,5714
2021-01-30,1546,31812,27503,4309
2021-01-31,1594,32903,28704,4199
2021-02-01,2573,53080,47175,5905
2021-02-02,2430,56530,50319,6211
2021-02-03,2579,58953,52700,6253
2021-02-04,2586,57761,51685,6076
2021-02-05,2324,52953,47158,5795
2021-02-06,1506,31826,27503,4323
2021-02-07,1541,33467,29105,4362
2021-02-08,2553,54279,48053,6226
2021-02-09,2580,57844,51491,6353
2021-02-10,2504,57923,51478,6445
2021-02-11,2496,57348,51102,6246
2021-02-12,2359,50674,44941,5733
2021-02-13,1452,31280,27008,4272
2021-02-14,1538,31184,26815,4369
2021-02-15,2434,50631,44875,5756
2021-02-16,2464,55707,49758,5949
2021-02-17,2539,58409,52334,6075
2021-02-18,2692,57261,51346,5915
2021-02-19,2503,53236,47424,5812
2021-02-20,1591,31971,27913,4058
2021-02-21,1554,31673,27640,4033
2021-02-22,2454,53698,47684,6014
2021-02-23,2558,56956,50980,5976
2021-02-24,2540,58782,52612,6170
2021-02-25,2538,57295,50983,6312
2021-02-26,2247,51394,45659,5735
2021-02-27,1489,31362,27275,4087
2021-02-28,1553,31696,27406,4290
2021-03-01,2443,52870,46983,5887
2021-03-02,2560,58021,51567,6454
2021-03-03,2604,57797,51586,6211
2021-03-04,2562,57185,50799,6386
2021-03-05,2441,51294,45505,5789
2021-03-06,1489,30775,26583,4192
2021-03-07,1499,31957,27490,4467
2021-03-08,2399,52534,46356,6178
2021-03-09,2489,57225,50789,6436
2021-03-10,2512,57928,51742,6186
2021-03-11,2517,56717,50708,6009
2021-03-12,2405,52229,46573,5656
2021-03-13,1552,31455,27266,4189
2021-03-14,1628,32981,28352,4629
2021-03-15,2543,53900,47457,6443
2021-03-16,2467,56678,50512,6166
2021-03-17,2487,58414,51848,6566
2021-03-18,2461,55450,49295,6155
2021-03-19,2380,50513,44664,5849
2021-03-20,1481,29822,25550,4272
2021-03-21,1602,31347,26597,4750
2021-03-22,2505,53738,47248,6490
2021-03-23,2610,56076,49437,6639
2021-03-24,2670,56750,50404,6346
2021-03-25,2559,56311,49916,6395
2021-03-26,2324,50572,44662,5910
2021-03-27,1479,30116,25391,4725
2021-03-28,1457,30389,25638,4751
2021-03-29,2301,50914,44449,6465
2021-03-30,2410,55156,48305,6851
2021-03-31,2408,52834,46875,5959
2021-04-01,2313,50585,44315,6270
2021-04-02,1917,41117,35831,5286
2021-04-03,1415,29769,25262,4507
2021-04-04,1411,29189,24745,4444
2021-04-05,2070,44142,38494,5648
2021-04-06,2411,55078,48647,6431
2021-04-07,2565,57759,50880,6879
2021-04-08,2563,56888,50532,6356
2021-04-09,2348,50541,44283,6258
2021-04-10,1510,30861,25968,4893
2021-04-11,1571,32584,27748,4836
2021-04-12,2380,53638,47081,6557
2021-04-13,2320,55318,49003,6315
2021-04-14,2364,54233,48018,6215
2021-04-15,2289,54585,48237,6348
2021-04-16,2335,49784,44185,5599
2021-04-17,1425,29627,25096,4531
2021-04-18,1519,30715,26250,4465
2021-04-19,2383,51994,45692,6302
2021-04-20,2311,54971,48292,6679
2021-04-21,2389,55645,49237,6408
2021-04-22,2449,55353,48971,6382
2021-04-23,2307,49757,43753,6004
2021-04-24,1439,30345,25813,4532
2021-04-25,1526,31740,27075,4665
2021-04-26,2349,51798,45409,6389
2021-04-27,2295,54540,48341,6199
2021-04-28,2321,56275,49824,6451
2021-04-29,2477,54090,47784,6306
2021-04-30,2120,47634,41891,5743
2021-05-01,1396,28419,24144,4275
2021-05-02,1461,29921,25622,4299
2021-05-03,2270,47705,41832,5873
2021-05-04,2293,52124,45968,6156
2021-05-05,2360,54267,47792,6475
2021-05-06,2416,54290,48078,6212
2021-05-07,2083,49039,42975,6064
2021-05-08,1362,29289,24790,4499
2021-05-09,1419,28160,24088,4072
2021-05-10,2279,49865,43872,5993
2021-05-11,2372,53936,47618,6318
2021-05-12,2332,53033,46928,6105
2021-05-13,2235,47534,41858,5676
2021-05-14,2126,46127,40673,5454
2021-05-15,1512,28394,24053,4341
2021-05-16,1480,28736,24614,4122
2021-05-17,2328,50708,44634,6074
2021-05-18,2364,54920,48543,6377
2021-05-19,2404,55441,49152,6289
2021-05-20,2435,54401,47991,6410
2021-05-21,2142,48391,42559,5832
2021-05-22,1408,29353,24833,4520
2021-05-23,1405,29415,24893,4522
2021-05-24,2202,47213,41481,5732
2021-05-25,2427,54102,47925,6177
2021-05-26,2385,54439,48231,6208
2021-05-27,2437,53903,47533,6370
2021-05-28,2192,47840,41844,5996
2021-05-29,1328,28508,24237,4271
2021-05-30,1480,28552,24102,4450
2021-05-31,2088,45049,39135,5914
2021-06-01,2298,52418,46140,6278
2021-06-02,2369,53467,47330,6137
2021-06-03,2294,51315,45061,6254
2021-06-04,2114,47869,41876,5993
2021-06-05,1304,27943,23456,4487
2021-06-06,1393,29183,24499,4684
2021-06-07,2234,49956,43897,6059
2021-06-08,2223,52039,45789,6250
2021-06-09,2318,54731,48438,6293
2021-06-10,2393,53396,47288,6108
2021-06-11,2074,47455,41816,5639
2021-06-12,1264,26897,22738,4159
2021-06-13,1385,28599,24329,4270
2021-06-14,2152,48004,42347,5657
2021-06-15,2240,53252,47234,6018
2021-06-16,2268,54125,48349,5776
2021-06-17,2237,53034,47390,5644
2021-06-18,2106,47224,41858,5366
2021-06-19,1236,26780,22610,4170
2021-06-20,1270,28280,24151,4129
2021-06-21,2124,48137,42471,5666
2021-06-22,2203,52676,47083,5593
2021-06-23,2372,52742,47103,5639
2021-06-24,2119,51547,45813,5734
2021-06-25,2094,45558,40221,5337
2021-06-26,1186,26518,22695,3823
2021-06-27,1325,27812,23844,3968
2021-06-28,2217,48202,42701,5501
2021-06-29,2170,51080,45540,5540
2021-06-30,2275,52425,46721,5704
2021-07-01,2100,49198,43591,5607
2021-07-02,1985,43952,38766,5186
2021-07-03,1164,25598,21798,3800
2021-07-04,1314,26823,22904,3919
2021-07-05,1826,43405,38043,5362
2021-07-06,2108,50847,44897,5950
2021-07-07,2169,51670,45904,5766
2021-07-08,2209,50953,45052,5901
2021-07-09,1893,45514,40271,5243
2021-07-10,1156,25334,21606,3728
2021-07-11,1231,25675,22164,3511
2021-07-12,2074,47020,41492,5528
2021-07-13,2225,51248,45707,5541
2021-07-14,2182,51192,45571,5621
2021-07-15,2206,50015,44398,5617
2021-07-16,2027,44107,38887,5220
2021-07-17,1227,25852,21976,3876
2021-07-18,1237,27135,23273,3862
2021-07-19,2053,47075,41641,5434
2021-07-20,2025,48777,43356,5421
2021-07-21,2158,48592,43314,5278
2021-07-22,2159,48735,43016,5719
2021-07-23,1875,42928,38034,4894
2021-07-24,1223,25761,21618,4143
2021-07-25,1243,26431,22510,3921
2021-07-26,2194,47320,41542,5778
2021-07-27,2172,50457,44548,5909
2021-07-28,2130,51019,45313,5706
2021-07-29,2157,49611,43902,5709
2021-07-30,2032,44391,39328,5063
2021-07-31,1248,25367,21495,3872
2021-08-01,1244,25992,22286,3706
2021-08-02,1917,45323,39716,5607
2021-08-03,2149,49532,43790,5742
2021-08-04,2069,50046,44360,5686
2021-08-05,2096,49626,43884,5742
2021-08-06,1997,43554,38440,5114
2021-08-07,1128,25462,21551,3911
2021-08-08,1147,26856,22755,4101
2021-08-09,2121,46771,41290,5481
2021-08-10,2075,50298,44444,5854
2021-08-11,2153,50202,44303,5899
2021-08-12,2193,49279,43756,5523
2021-08-13,1918,44740,39134,5606
2021-08-14,1173,25443,21487,3956
2021-08-15,1258,26227,22343,3884
2021-08-16,2084,46677,40875,5802
2021-08-17,1980,50369,44292,6077
2021-08-18,2185,50238,44504,5734
2021-08-19,2076,49873,43932,5941
2021-08-20,1889,43691,38466,5225
2021-08-21,1138,25240,21121,4119
2021-08-22,1234,25960,22190,3770
2021-08-23,2098,46999,41467,5532
2021-08-24,2204,49107,43336,5771
2021-08-25,2217,52622,46647,5975
2021-08-26,2098,50334,44327,6007
2021-08-27,1945,45271,39736,5535
2021-08-28,1183,25569,21691,3878
2021-08-29,1256,26125,22459,3666
2021-08-30,1976,45616,40128,5488
2021-08-31,2169,50553,44416,6137
2021-09-01,2148,49675,43981,5694
2021-09-02,2076,50770,45142,5628
2021-09-03,1913,43885,38672,5213
2021-09-04,1150,24386,20552,3834
2021-09-05,1198,25358,21639,3719
2021-09-06,1859,42686,37224,5462
2021-09-07,2094,49315,43269,6046
2021-09-08,2036,51498,45216,6282
2021-09-09,2155,50494,44224,6270
2021-09-10,1875,44801,39347,5454
2021-09-11,1134,26467,22056,4411
2021-09-12,1200,26919,22705,4214
2021-09-13,2067,48574,42323,6251
2021-09-14,2164,50812,44444,6368
2021-09-15,2086,51270,45029,6241
2021-09-16,2137,50912,44783,6129
2021-09-17,1905,46387,40716,5671
2021-09-18,1113,26691,22185,4506
2021-09-19,1194,26703,22312,4391
2021-09-20,2037,47479,41330,6149
2021-09-21,2046,50756,44761,5995
2021-09-22,2192,52124,46028,6096
2021-09-23,2155,51598,45424,6174
2021-09-24,1901,45651,40122,5529
2021-09-25,1195,25836,21872,3964
2021-09-26,1254,27621,23457,4164
2021-09-27,2050,48792,42854,5938
2021-09-28,2156,52356,46125,6231
2021-09-29,1988,50271,44390,5881
2021-09-30,2070,50939,44765,6174
2021-10-01,1759,41688,36516,5172
2021-10-02,1083,23389,19720,3669
2021-10-03,1221,25647,21702,3945
2021-10-04,1937,46477,40910,5567
2021-10-05,2010,50464,44579,5885
2021-10-06,2051,50960,45150,5810
2021-10-07,2079,50638,44702,5936
2021-10-08,1875,45017,39696,5321
2021-10-09,1115,25292,21395,3897
2021-10-10,1179,26086,22181,3905
2021-10-11,2051,46580,40924,5656
2021-10-12,2063,50006,44328,5678
2021-10-13,2088,51492,45578,5914
2021-10-14,2076,49889,44387,5502
2021-10-15,1813,43992,38807,5185
2021-10-16,1182,25708,21798,3910
2021-10-17,1380,27023,22881,4142
2021-10-18,2066,48413,42537,5876
2021-10-19,2151,51842,45829,6013
2021-10-20,2192,53106,47085,6021
2021-10-21,2138,51459,45785,5674
2021-10-22,2030,46417,40776,5641
2021-10-23,1101,26943,22481,4462
2021-10-24,1266,26624,22620,4004
2021-10-25,2101,48104,42425,5679
2021-10-26,2086,52191,45834,6357
2021-10-27,2242,52202,46463,5739
2021-10-28,2102,50606,44522,6084
2021-10-29,1932,44087,38744,5343
2021-10-30,941,21840,18259,3581
2021-10-31,1162,26342,22263,4079
2021-11-01,1792,43490,37736,5754
2021-11-02,2008,49671,43808,5863
2021-11-03,2028,50386,44408,5978
2021-11-04,1946,48508,42999,5509
2021-11-05,1812,44301,38749,5552
2021-11-06,1196,25903,21768,4135
2021-11-07,1267,27768,23463,4305
2021-11-08,1983,48126,42294,5832
2021-11-09,2115,52078,45885,6193
2021-11-10,2182,51372,45460,5912
2021-11-11,1939,49333,43585,5748
2021-11-12,1891,45807,40363,5444
2021-11-13,1156,26746,22567,4179
2021-11-14,1273,28140,23606,4534
2021-11-15,2084,48513,42592,5921
2021-11-16,2141,52763,46504,6259
2021-11-17,2122,51927,45767,6160
2021-11-18,2097,51923,45593,6330
2021-11-19,1916,45587,39663,5924
2021-11-20,1175,26458,22263,4195
2021-11-21,1172,27220,23087,4133
2021-11-22,2001,49107,43163,5944
2021-11-23,2135,51504,45441,6063
2021-11-24,1966,50959,44619,6340
2021-11-25,1924,45805,39842,5963
2021-11-26,1696,41837,34678,7159
2021-11-27,1159,25640,21217,4423
2021-11-28,1245,27606,23301,4305
2021-11-29,2089,48013,41544,6469
2021-11-30,2004,51899,44327,7572
2021-12-01,2023,52567,45190,7377
2021-12-02,2117,51956,44537,7419
2021-12-03,1867,47005,40290,6715
2021-12-04,1139,25557,21468,4089
2021-12-05,1162,27720,22925,4795
2021-12-06,1962,46587,40594,5993
2021-12-07,2076,51402,44777,6625
2021-12-08,1986,48868,42916,5952
2021-12-09,2022,49998,44160,5838
2021-12-10,1783,44411,38857,5554
2021-12-11,1087,25447,21316,4131
2021-12-12,1172,26332,22128,4204
2021-12-13,1882,46076,40368,5708
2021-12-14,1946,50490,44430,6060
2021-12-15,1973,51065,45196,5869
2021-12-16,1980,48084,42127,5957
2021-12-17,1744,43750,38230,5520
2021-12-18,1042,24899,21097,3802
2021-12-19,1182,25796,21896,3900
2021-12-20,1864,44344,38789,5555
2021-12-21,1872,46577,41094,5483
2021-12-22,1802,45057,39847,5210
2021-12-23,1584,39767,34624,5143
2021-12-24,1188,27435,23278,4157
2021-12-25,880,19489,16158,3331
2021-12-26,976,22816,18859,3957
2021-12-27,1516,35615,30463,5152
2021-12-28,1564,39505,34039,5466
2021-12-29,1654,40589,35386,5203
2021-12-30,1663,38080,33148,4932
2021-12-31,1191,26919,22707,4212
2022-01-01,981,21630,17894,3736
2022-01-02,1150,26466,22318,4148
2022-01-03,1718,40797,35398,5399
2022-01-04,1892,47646,41723,5923
2022-01-05,2061,49409,43509,5900
2022-01-06,1868,46706,40824,5882
2022-01-07,1879,44455,38732,5723
2022-01-08,1155,27587,23208,4379
2022-01-09,1338,28370,24257,4113
2022-01-10,2035,47272,40855,6417
2022-01-11,2034,51527,45308,6219
2022-01-12,1933,51635,45331,6304
2022-01-13,2063,51044,45066,5978
2022-01-14,1844,45617,39958,5659
2022-01-15,1180,27304,23038,4266
2022-01-16,1269,28886,24561,4325
2022-01-17,1879,47324,41235,6089
2022-01-18,2073,52754,46108,6646
2022-01-19,2015,52769,46504,6265
2022-01-20,2126,53182,46421,6761
2022-01-21,1989,47671,41680,5991
2022-01-22,1221,28666,24116,4550
2022-01-23,1345,29289,24833,4456
2022-01-24,2118,49232,42774,6458
2022-01-25,2137,52033,45744,6289
2022-01-26,2024,51098,45168,5930
2022-01-27,2080,51245,45297,5948
2022-01-28,1939,46296,40432,5864
2022-01-29,1276,28053,24004,4049
2022-01-30,1335,29286,25255,4031
2022-01-31,1991,49210,42559,6651
2022-02-01,2100,51334,45446,5888
2022-02-02,2102,52962,46763,6199
2022-02-03,2089,52548,46621,5927
2022-02-04,1901,46994,41470,5524
2022-02-05,1263,27876,23696,4180
2022-02-06,1221,27249,23291,3958
2022-02-07,2107,49233,43526,5707
2022-02-08,2112,53428,47237,6191
2022-02-09,2117,53078,47223,5855
2022-02-10,2092,52163,46329,5834
2022-02-11,1903,45688,40333,5355
2022-02-12,1161,26647,22795,3852
2022-02-13,1272,27178,23314,3864
2022-02-14,1929,46973,41484,5489
2022-02-15,2073,51424,45605,5819
2022-02-16,2211,52161,46289,5872
2022-02-17,2122,52413,46545,5868
2022-02-18,1922,46352,40894,5458
2022-02-19,1188,26461,22432,4029
2022-02-20,1297,27935,23784,4151
2022-02-21,2015,46829,41005,5824
2022-02-22,2062,50366,44539,5827
2022-02-23,2113,51171,45156,6015
2022-02-24,1885,45224,39745,5479
2022-02-25,1769,41404,36020,5384
2022-02-26,1119,23535,19962,3573
2022-02-27,1096,23714,20032,3682
2022-02-28,1721,42177,37036,5141
2022-03-01,1850,44428,39200,5228
2022-03-02,1867,46287,40870,5417
2022-03-03,1971,45796,40531,5265
2022-03-04,1734,41400,36375,5025
2022-03-05,1195,24096,20194,3902
2022-03-06,1191,24608,20821,3787
2022-03-07,1911,43045,37828,5217
2022-03-08,1928,45967,40755,5212
2022-03-09,1787,47447,41855,5592
2022-03-10,1962,48050,42533,5517
2022-03-11,1860,43623,38548,5075
2022-03-12,978,22468,19025,3443
2022-03-13,1155,24292,20511,3781
2022-03-14,1965,44673,38975,5698
2022-03-15,1953,48100,42424,5676
2022-03-16,1993,48015,42629,5386
2022-03-17,1957,45978,40849,5129
2022-03-18,1731,40444,35693,4751
2022-03-19,1166,23994,20204,3790
2022-03-20,1240,24358,20708,3650
2022-03-21,1940,44386,38871,5515
2022-03-22,2040,47953,42128,5825
2022-03-23,1959,48726,43196,5530
2022-03-24,2005,47899,42283,5616
2022-03-25,1788,41466,36557,4909
2022-03-26,1132,24811,20850,3961
2022-03-27,1140,24667,20824,3843
2022-03-28,1989,43968,38660,5308
2022-03-29,1983,48329,42665,5664
2022-03-30,2076,48353,42852,5501
2022-03-31,1899,47031,41573,5458
2022-04-01,1768,39264,34313,4951
2022-04-02,1081,23141,19499,3642
2022-04-03,1166,24640,20802,3838
2022-04-04,1908,44470,39094,5376
2022-04-05,1952,48078,42388,5690
2022-04-06,1998,48243,42417,5826
2022-04-07,1971,48544,42788,5756
2022-04-08,1894,42745,37795,4950
2022-04-09,1129,24680,21105,3575
2022-04-10,1160,25995,22218,3777
2022-04-11,1985,45084,39453,5631
2022-04-12,1940,47879,42229,5650
2022-04-13,1856,47684,42133,5551
2022-04-14,1858,44887,39374,5513
2022-04-15,1531,34979,30336,4643
2022-04-16,1085,23801,20230,3571
2022-04-17,1087,23647,20243,3404
2022-04-18,1577,37840,32557,5283
2022-04-19,1899,47562,41976,5586
2022-04-20,1956,49315,43166,6149
2022-04-21,1818,47283,41400,5883
2022-04-22,1762,42705,37502,5203
2022-04-23,1143,24231,20394,3837
2022-04-24,1112,25664,21827,3837
2022-04-25,1908,43923,38515,5408
2022-04-26,1836,48144,42381,5763
2022-04-27,1933,47533,41602,5931
2022-04-28,2018,47071,41337,5734
2022-04-29,1780,41599,35766,5833
2022-04-30,1036,23104,19462,3642
2022-05-01,1107,23631,19887,3744
2022-05-02,1595,39745,33779,5966
2022-05-03,1684,42982,37484,5498
2022-05-04,1784,45683,39440,6243
2022-05-05,1853,46056,39559,6497
2022-05-06,1741,42697,36454,6243
2022-05-07,1135,24552,20372,4180
2022-05-08,1073,23769,19719,4050
2022-05-09,1786,44404,38176,6228
2022-05-10,1828,48842,42255,6587
2022-05-11,1855,49002,42393,6609
2022-05-12,1792,46837,40715,6122
2022-05-13,1681,43394,37289,6105
2022-05-14,984,23738,19603,4135
2022-05-15,1092,24512,20748,3764
2022-05-16,1777,46006,38874,7132
2022-05-17,1938,50040,42438,7602
2022-05-18,1880,50214,42878,7336
2022-05-19,1895,48112,41988,6124
2022-05-20,1778,42202,36826,5376
2022-05-21,1067,23649,19687,3962
2022-05-22,1077,23675,19928,3747
2022-05-23,1837,45355,39215,6140
2022-05-24,1906,47923,41847,6076
2022-05-25,1837,47646,41629,6017
2022-05-26,1761,42931,37581,5350
2022-05-27,1701,41138,35174,5964
2022-05-28,1036,23374,19475,3899
2022-05-29,1059,24489,20688,3801
2022-05-30,1725,41866,36248,5618
2022-05-31,1869,47213,41206,6007
2022-06-01,1817,46577,40547,6030
2022-06-02,1817,45645,39838,5807
2022-06-03,1667,40923,35339,5584
2022-06-04,1027,23015,19072,3943
2022-06-05,1054,23662,19773,3889
2022-06-06,1797,40652,34849,5803
2022-06-07,1827,48391,41941,6450
2022-06-08,1851,48417,42450,5967
2022-06-09,1902,47820,41754,6066
2022-06-10,1684,42701,36676,6025
2022-06-11,1001,23333,19439,3894
2022-06-12,1059,24512,20269,4243
2022-06-13,1820,43593,37537,6056
2022-06-14,1842,48703,42486,6217
2022-06-15,1880,47602,41540,6062
2022-06-16,1693,44809,38753,6056
2022-06-17,1645,39811,34626,5185
2022-06-18,989,22958,19179,3779
2022-06-19,1069,23799,20029,3770
2022-06-20,1790,42716,36953,5763
2022-06-21,1812,46608,40782,5826
2022-06-22,1858,47624,41778,5846
2022-06-23,1841,45797,40014,5783
2022-06-24,1666,42275,36477,5798
2022-06-25,987,23710,19713,3997
2022-06-26,1060,24642,20853,3789
2022-06-27,1816,45738,39868,5870
2022-06-28,1921,48306,42342,5964
2022-06-29,1852,48528,41989,6539
2022-06-30,1871,46592,40684,5908
2022-07-01,1669,40439,35344,5095
2022-07-02,976,22783,19032,3751
2022-07-03,1060,24095,20287,3808
2022-07-04,1632,40328,34895,5433
2022-07-05,1841,45726,39928,5798
2022-07-06,1926,47935,41902,6033
2022-07-07,1840,47252,41148,6104
2022-07-08,1652,41540,36182,5358
2022-07-09,923,22898,18879,4019
2022-07-10,989,23062,19449,3613
2022-07-11,1843,43109,37229,5880
2022-07-12,1766,45885,40254,5631
2022-07-13,1709,46893,40993,5900
2022-07-14,1812,44503,38753,5750
2022-07-15,1719,40867,35408,5459
2022-07-16,1016,23293,19577,3716
2022-07-17,1025,23939,20156,3783
2022-07-18,1777,43348,37632,5716
2022-07-19,1925,46289,40504,5785
2022-07-20,1901,48284,42082,6202
2022-07-21,1950,46515,40678,5837
2022-07-22,1727,41872,36346,5526
2022-07-23,1085,23757,19963,3794
2022-07-24,1042,24283,20434,3849
2022-07-25,1832,44166,38232,5934
2022-07-26,1835,47573,41558,6015
2022-07-27,1991,48145,42058,6087
2022-07-28,1912,45581,39797,5784
2022-07-29,1547,37420,32107,5313
2022-07-30,1046,23577,19422,4155
2022-07-31,1048,24391,20563,3828
2022-08-01,1801,42087,36398,5689
2022-08-02,1834,47178,41234,5944
2022-08-03,1869,45800,40218,5582
2022-08-04,1798,46703,40663,6040
2022-08-05,1647,40939,35211,5728
2022-08-06,1022,23207,19481,3726
2022-08-07,1044,23663,19714,3949
2022-08-08,1864,42860,37225,5635
2022-08-09,1842,45014,39050,5964
2022-08-10,1889,47518,41241,6277
2022-08-11,1951,44709,39250,5459
2022-08-12,1687,40707,35422,5285
2022-08-13,987,22594,18742,3852
2022-08-14,969,23228,19275,3953
2022-08-15,1624,38857,33580,5277
2022-08-16,1896,46118,40274,5844
2022-08-17,1969,47831,41447,6384
2022-08-18,1935,45975,39997,5978
2022-08-19,1643,41042,35464,5578
2022-08-20,987,23343,19282,4061
2022-08-21,1068,24158,20164,3994
2022-08-22,1802,44272,38543,5729
2022-08-23,1834,46430,40437,5993
2022-08-24,1835,47549,41497,6052
2022-08-25,1886,46192,40198,5994
2022-08-26,1603,41312,35735,5577
2022-08-27,998,23454,19572,3882
2022-08-28,1082,23800,19838,3962
2022-08-29,1791,43324,37549,5775
2022-08-30,1797,46775,40815,5960
2022-08-31,1756,46639,40664,5975
2022-09-01,1798,45566,39684,5882
2022-09-02,1642,41271,35928,5343
2022-09-03,972,23123,19047,4076
2022-09-04,1032,23571,19602,3969
2022-09-05,1658,39898,34235,5663
2022-09-06,1723,46680,41113,5567
2022-09-07,1735,46281,40488,5793
2022-09-08,1706,45530,39774,5756
2022-09-09,1573,40173,35123,5050
2022-09-10,1015,23042,19196,3846
2022-09-11,980,23406,19487,3919
2022-09-12,1817,43179,37484,5695
2022-09-13,1770,47193,40983,6210
2022-09-14,1808,47177,40958,6219
2022-09-15,1814,45444,39505,5939
2022-09-16,1679,41140,35406,5734
2022-09-17,1016,23028,18634,4394
2022-09-18,1048,24037,19668,4369
2022-09-19,1753,42807,37232,5575
2022-09-20,1703,46654,40495,6159
2022-09-21,1691,44468,38471,5997
2022-09-22,1742,45173,39139,6034
2022-09-23,1623,40326,34876,5450
2022-09-24,953,22608,18447,4161
2022-09-25,958,22818,18857,3961
2022-09-26,1622,42145,36187,5958
2022-09-27,1775,45833,39693,6140
2022-09-28,1815,46612,40619,5993
2022-09-29,1818,45829,39719,6110
2022-09-30,1557,39305,33872,5433
2022-10-01,995,22022,17814,4208
2022-10-02,949,23550,19113,4437
2022-10-03,1586,39493,34093,5400
2022-10-04,1725,43842,37863,5979
2022-10-05,1662,43518,37618,5900
2022-10-06,1808,44850,39023,5827
2022-10-07,1667,40686,35063,5623
2022-10-08,1018,22546,18317,4229
2022-10-09,1028,22632,18581,4051
2022-10-10,1732,41058,35215,5843
2022-10-11,1707,45335,39182,6153
2022-10-12,1811,45855,39695,6160
2022-10-13,1690,45887,39400,6487
2022-10-14,1702,41489,35742,5747
2022-10-15,1065,23117,18774,4343
2022-10-16,1036,23500,19162,4338
2022-10-17,1815,42552,36664,5888
2022-10-18,1845,46781,40409,6372
2022-10-19,1901,47486,41377,6109
2022-10-20,1966,46133,39967,6166
2022-10-21,1648,40617,35085,5532
2022-10-22,999,22732,18858,3874
2022-10-23,1015,23641,19256,4385
2022-10-24,1793,41784,36070,5714
2022-10-25,1780,45043,39134,5909
2022-10-26,1850,45073,38883,6190
2022-10-27,1805,45227,39083,6144
2022-10-28,1630,39689,34112,5577
2022-10-29,895,22611,18357,4254
2022-10-30,990,22948,18888,4060
2022-10-31,1703,40153,34231,5922
2022-11-01,1674,40274,34425,5849
2022-11-02,1805,44667,38521,6146
2022-11-03,1755,45169,38936,6233
2022-11-04,1723,40923,35313,5610
2022-11-05,1018,23374,18970,4404
2022-11-06,1073,24466,20189,4277
2022-11-07,1829,43939,37929,6010
2022-11-08,1836,45987,40135,5852
2022-11-09,1808,46149,40395,5754
2022-11-10,1745,44943,38981,5962
2022-11-11,1606,39243,33642,5601
2022-11-12,1017,23591,19215,4376
2022-11-13,1154,24613,20258,4355
2022-11-14,1829,43781,37870,5911
2022-11-15,1835,46277,40237,6040
2022-11-16,1919,47390,41198,6192
2022-11-17,1841,47233,40957,6276
2022-11-18,1601,41304,35453,5851
2022-11-19,1042,23768,19465,4303
2022-11-20,1055,23854,19740,4114
2022-11-21,1789,43454,37243,6211
2022-11-22,1839,45415,39578,5837
2022-11-23,1716,44561,38750,5811
2022-11-24,1662,39837,34426,5411
2022-11-25,1433,35985,30687,5298
2022-11-26,938,22483,18176,4307
2022-11-27,1095,24471,20239,4232
2022-11-28,1794,43204,37421,5783
2022-11-29,1827,46009,39976,6033
2022-11-30,1804,45584,39806,5778
2022-12-01,1747,43170,37674,5496
2022-12-02,1725,40482,34823,5659
2022-12-03,1067,23390,19351,4039
2022-12-04,1130,25186,20565,4621
2022-12-05,1811,42859,36564,6295
2022-12-06,1755,46041,38933,7108
2022-12-07,1796,44585,38395,6190
2022-12-08,1681,42333,36475,5858
2022-12-09,1488,37207,31853,5354
2022-12-10,988,22576,17906,4670
2022-12-11,996,24052,19550,4502
2022-12-12,1679,41470,35581,5889
2022-12-13,1713,43890,37972,5918
2022-12-14,1702,43351,37352,5999
2022-12-15,1755,43924,37964,5960
2022-12-16,1624,38003,32728,5275
2022-12-17,929,21491,17959,3532
2022-12-18,878,21204,17675,3529
2022-12-19,1678,39814,34286,5528
2022-12-20,1663,43094,37508,5586
2022-12-21,1729,41566,35996,5570
2022-12-22,1513,39170,34012,5158
2022-12-23,1291,31173,26419,4754
2022-12-24,797,18088,14786,3302
2022-12-25,724,17435,14053,3382
2022-12-26,1069,25435,21307,4128
2022-12-27,1236,32574,27592,4982
2022-12-28,1370,34645,29615,5030
2022-12-29,1415,35224,30039,5185
2022-12-30,1223,30162,25661,4501
2022-12-31,816,18798,15254,3544
2023-01-01,762,18594,15281,3313
2023-01-02,1347,32303,27191,5112
2023-01-03,1560,39876,34081,5795
2023-01-04,1644,42349,36548,5801
2023-01-05,1724,43047,37369,5678
2023-01-06,1524,37403,32276,5127
2023-01-07,965,22841,18616,4225
2023-01-08,1024,23741,19792,3949
2023-01-09,1668,41506,35836,5670
2023-01-10,1722,44363,38519,5844
2023-01-11,1679,45032,39345,5687
2023-01-12,1728,44004,38471,5533
2023-01-13,1545,39397,34274,5123
2023-01-14,866,21129,17519,3610
2023-01-15,893,23545,19550,3995
2023-01-16,1568,40133,34566,5567
2023-01-17,1558,43964,38415,5549
2023-01-18,1669,44758,39219,5539
2023-01-19,1633,43831,38164,5667
2023-01-20,1482,37931,32838,5093
2023-01-21,913,22218,18217,4001
2023-01-22,941,23028,19205,3823
2023-01-23,1532,40750,35157,5593
2023-01-24,1508,44716,39003,5713
2023-01-25,1638,44154,38445,5709
2023-01-26,1586,42305,36933,5372
2023-01-27,1592,40257,34927,5330
2023-01-28,892,23127,19139,3988
2023-01-29,952,23905,19935,3970
2023-01-30,1592,42655,37040,5615
2023-01-31,1624,44877,39208,5669
2023-02-01,1716,44595,39053,5542
2023-02-02,1602,44896,39096,5800
2023-02-03,1473,40815,35475,5340
2023-02-04,849,22598,18749,3849
2023-02-05,903,22845,19025,3820
2023-02-06,1493,41230,35646,5584
2023-02-07,1635,43838,38145,5693
2023-02-08,1511,44143,38545,5598
2023-02-09,1591,43922,38497,5425
2023-02-10,1469,39384,33752,5632
2023-02-11,854,21783,17985,3798
2023-02-12,894,22391,18538,3853
2023-02-13,1456,40136,34753,5383
2023-02-14,1513,42100,36543,5557
2023-02-15,1559,43015,37624,5391
2023-02-16,1570,43079,37460,5619
2023-02-17,1470,38827,33763,5064
2023-02-18,830,21688,17590,4098
2023-02-19,876,21945,18179,3766
2023-02-20,1449,38580,33468,5112
2023-02-21,1520,42476,36561,5915
2023-02-22,1517,42995,37640,5355
2023-02-23,1572,42352,36951,5401
2023-02-24,1471,38342,33314,5028
2023-02-25,832,22054,18289,3765
2023-02-26,854,21816,18173,3643
2023-02-27,1534,39260,34128,5132
2023-02-28,1425,41938,36261,5677
2023-03-01,1467,41793,36526,5267
2023-03-02,1465,40720,35200,5520
2023-03-03,1388,37268,32259,5009
2023-03-04,807,20614,16943,3671
2023-03-05,864,21658,17950,3708
2023-03-06,1413,39150,33699,5451
2023-03-07,1507,41068,35829,5239
2023-03-08,1360,39877,34573,5304
2023-03-09,1455,40956,35874,5082
2023-03-10,1340,37622,32554,5068
2023-03-11,773,20390,16773,3617
2023-03-12,824,21473,17737,3736
2023-03-13,1401,38967,33688,5279
2023-03-14,1453,41727,36248,5479
2023-03-15,1411,40659,35386,5273
2023-03-16,1384,39359,34247,5112
2023-03-17,1298,36072,31075,4997
2023-03-18,745,19778,16290,3488
2023-03-19,765,19984,16474,3510
2023-03-20,1283,37005,31971,5034
2023-03-21,1363,39162,34022,5140
2023-03-22,1382,38599,33993,4606
2023-03-23,1347,37690,33233,4457
2023-03-24,1227,35447,30700,4747
2023-03-25,712,19374,16066,3308
2023-03-26,709,20211,16656,3555
2023-03-27,1281,36504,31923,4581
2023-03-28,1303,39130,34050,5080
2023-03-29,1357,39259,34294,4965
2023-03-30,1305,37278,32550,4728
2023-03-31,1153,33155,28905,4250
2023-04-01,712,18312,15319,2993
2023-04-02,666,18499,15404,3095
2023-04-03,1194,34833,30125,4708
2023-04-04,1207,36186,31504,4682
2023-04-05,1242,35764,31340,4424
2023-04-06,1115,33580,29230,4350
2023-04-07,932,26450,22448,4002
2023-04-08,634,18055,14796,3259
2023-04-09,615,17402,14285,3117
2023-04-10,1019,27651,23477,4174
2023-04-11,1174,35007,30415,4592
2023-04-12,1157,36212,31712,4500
2023-04-13,1154,35154,30718,4436
2023-04-14,1113,32138,28069,4069
2023-04-15,648,18161,14968,3193
2023-04-16,666,18372,15315,3057
2023-04-17,1112,33001,28497,4504
2023-04-18,1170,34361,29799,4562
2023-04-19,1140,34983,30437,4546
2023-04-20,1134,33771,29593,4178
2023-04-21,1013,30004,26116,3888
2023-04-22,576,16219,13215,3004
2023-04-23,595,17003,13877,3126
2023-04-24,1157,33039,28794,4245
2023-04-25,1175,34682,30120,4562
2023-04-26,1037,35083,30656,4427
2023-04-27,1127,34265,29925,4340
2023-04-28,1037,30809,26605,4204
2023-04-29,608,16695,13618,3077
2023-04-30,642,16584,13574,3010
2023-05-01,846,24867,21018,3849
2023-05-02,1127,32682,28778,3904
2023-05-03,1119,34591,30178,4413
2023-05-04,1127,33866,29757,4109
2023-05-05,946,30623,26434,4189
2023-05-06,581,17280,14305,2975
2023-05-07,606,17022,14241,2781
2023-05-08,989,30871,26763,4108
2023-05-09,1093,34247,30044,4203
2023-05-10,1087,34743,30470,4273
2023-05-11,1068,34036,29848,4188
2023-05-12,954,30086,26135,3951
2023-05-13,574,15479,12656,2823
2023-05-14,550,16062,13127,2935
2023-05-15,1054,31998,27911,4087
2023-05-16,1100,34525,30006,4519
2023-05-17,1083,34954,30590,4364
2023-05-18,927,30687,26573,4114
2023-05-19,884,29052,25224,3828
2023-05-20,564,16032,13174,2858
2023-05-21,524,16492,13821,2671
2023-05-22,1045,31563,27621,3942
2023-05-23,1061,33707,29610,4097
2023-05-24,1068,34295,30128,4167
2023-05-25,1046,32772,28660,4112
2023-05-26,906,29187,25525,3662
2023-05-27,495,15250,12642,2608
2023-05-28,502,15728,13104,2624
2023-05-29,756,24825,21479,3346
2023-05-30,1067,32977,28640,4337
2023-05-31,1038,34369,30285,4084
2023-06-01,1012,33235,29339,3896
2023-06-02,925,29442,25864,3578
2023-06-03,482,15763,13052,2711
2023-06-04,539,16259,13692,2567
2023-06-05,995,29062,25887,3175
2023-06-06,966,32218,29025,3193
2023-06-07,961,32368,29126,3242
2023-06-08,948,30373,27158,3215
2023-06-09,901,27680,24647,3033
2023-06-10,517,14601,12412,2189
2023-06-11,522,15367,13335,2032
2023-06-12,980,29448,26232,3216
2023-06-13,996,32576,29184,3392
2023-06-14,1077,32861,29533,3328
2023-06-15,955,28660,25556,3104
2023-06-16,909,28041,24906,3135
2023-06-17,471,14654,12528,2126
2023-06-18,485,14708,12438,2270
2023-06-19,990,27920,24632,3288
2023-06-20,991,32015,28573,3442
2023-06-21,1043,32066,28517,3549
2023-06-22,1017,31536,28136,3400
2023-06-23,949,27214,24191,3023
2023-06-24,470,13920,11720,2200
2023-06-25,542,15423,12987,2436
2023-06-26,1062,29773,26360,3413
2023-06-27,1060,31556,27915,3641
2023-06-28,1031,30542,27156,3386
2023-06-29,992,29350,26157,3193
2023-06-30,924,26626,23567,3059
2023-07-01,574,14520,12046,2474
2023-07-02,512,14958,12484,2474
2023-07-03,937,27488,24072,3416
2023-07-04,911,28237,25007,3230
2023-07-05,1032,30840,27425,3415
2023-07-06,999,30550,27054,3496
2023-07-07,922,27383,24331,3052
2023-07-08,572,15228,12816,2412
2023-07-09,555,15787,13241,2546
2023-07-10,956,29694,26140,3554
2023-07-11,1002,31585,27764,3821
2023-07-12,1038,32202,28619,3583
2023-07-13,992,31020,27474,3546
2023-07-14,906,27139,23636,3503
2023-07-15,537,14402,11826,2576
2023-07-16,556,15387,12541,2846
2023-07-17,1037,29280,25409,3871
2023-07-18,994,31666,27921,3745
2023-07-19,1025,31164,27326,3838
2023-07-20,1026,30384,26805,3579
2023-07-21,942,27220,23638,3582
2023-07-22,570,14680,12361,2319